>ACCRTGACTAATTNN	PAX3:FKHR-fusion(Paired,Homeobox)/Rh4-PAX3:FKHR-ChIP-Seq(GSE19063)/Homer	7.413611	-22.215921	0	T:399.0(6.07%),B:1883.0(4.40%),P:1e-9
0.588	0.052	0.146	0.214
0.003	0.595	0.401	0.001
0.001	0.746	0.001	0.252
0.472	0.006	0.505	0.017
0.018	0.001	0.075	0.906
0.194	0.003	0.788	0.015
0.783	0.015	0.102	0.100
0.087	0.911	0.001	0.001
0.222	0.101	0.025	0.652
0.958	0.002	0.039	0.001
0.997	0.001	0.001	0.001
0.091	0.022	0.018	0.869
0.060	0.213	0.195	0.532
0.273	0.199	0.290	0.237
0.322	0.216	0.270	0.192
