>TGASTCAYCS	1-TGASTCAYCS	5.819911	-4259.270869	0	T:4003.0(60.90%),B:5369.3(12.55%),P:1e-1849	Tpos:196.4,Tstd:126.0,Bpos:184.3,Bstd:124.9,StrandBias:-0.0,Multiplicity:1.31
0.077	0.078	0.067	0.778
0.087	0.087	0.673	0.153
0.768	0.080	0.079	0.073
0.101	0.391	0.398	0.110
0.078	0.068	0.090	0.764
0.146	0.694	0.072	0.088
0.759	0.071	0.100	0.070
0.111	0.266	0.231	0.392
0.217	0.391	0.162	0.230
0.202	0.247	0.387	0.164
>MTGASTCATN	2-MTGASTCATN	6.179301	-3786.003965	0	T:4212.0(64.08%),B:6951.2(16.25%),P:1e-1644	Tpos:198.4,Tstd:135.7,Bpos:190.5,Bstd:121.5,StrandBias:0.0,Multiplicity:1.13
0.448	0.315	0.226	0.012
0.037	0.059	0.008	0.896
0.040	0.059	0.677	0.224
0.783	0.044	0.055	0.118
0.103	0.330	0.444	0.123
0.078	0.030	0.043	0.849
0.236	0.704	0.018	0.042
0.915	0.008	0.034	0.043
0.016	0.278	0.252	0.454
0.298	0.203	0.296	0.203
>TGACTCRTTC	3-TGACTCRTTC	6.827124	-1018.319650	0	T:2084.0(31.71%),B:4717.8(11.03%),P:1e-442	Tpos:205.8,Tstd:141.7,Bpos:188.2,Bstd:122.5,StrandBias:0.2,Multiplicity:1.06
0.028	0.096	0.095	0.781
0.001	0.001	0.896	0.102
0.570	0.176	0.219	0.035
0.001	0.824	0.174	0.001
0.001	0.020	0.020	0.959
0.001	0.807	0.107	0.085
0.465	0.001	0.533	0.001
0.001	0.240	0.085	0.674
0.001	0.138	0.138	0.723
0.259	0.628	0.001	0.112
>ACNRCATTCC	4-ACNRCATTCC	7.276838	-786.417766	0	T:1747.0(26.58%),B:4084.8(9.55%),P:1e-341	Tpos:217.9,Tstd:152.6,Bpos:183.9,Bstd:117.9,StrandBias:0.0,Multiplicity:1.15
0.499	0.174	0.155	0.172
0.209	0.453	0.210	0.128
0.208	0.286	0.240	0.266
0.463	0.019	0.458	0.059
0.140	0.789	0.070	0.001
0.988	0.001	0.010	0.001
0.024	0.055	0.012	0.909
0.036	0.006	0.021	0.937
0.005	0.958	0.024	0.013
0.009	0.885	0.012	0.094
>YTGTGGTTNB	5-YTGTGGTTNB	7.855604	-660.242232	0	T:1754.0(26.68%),B:4564.4(10.67%),P:1e-286	Tpos:210.5,Tstd:144.4,Bpos:186.5,Bstd:116.6,StrandBias:0.1,Multiplicity:1.18
0.001	0.460	0.018	0.521
0.001	0.031	0.001	0.967
0.001	0.001	0.997	0.001
0.094	0.001	0.013	0.892
0.001	0.001	0.997	0.001
0.001	0.001	0.997	0.001
0.001	0.159	0.085	0.755
0.068	0.138	0.001	0.793
0.330	0.183	0.190	0.296
0.182	0.271	0.346	0.201
>TGACTCATGG	6-TGACTCATGG	6.523343	-652.161448	0	T:875.0(13.31%),B:1312.6(3.07%),P:1e-283	Tpos:213.3,Tstd:157.5,Bpos:188.7,Bstd:119.8,StrandBias:-0.1,Multiplicity:1.03
0.006	0.369	0.007	0.618
0.275	0.093	0.444	0.188
0.504	0.135	0.203	0.158
0.015	0.589	0.280	0.116
0.162	0.085	0.159	0.594
0.142	0.554	0.019	0.285
0.547	0.101	0.168	0.184
0.028	0.118	0.171	0.683
0.205	0.025	0.755	0.015
0.195	0.250	0.410	0.145
>TGGAATSYNN	7-TGGAATSYNN	6.603618	-411.901508	0	T:2124.0(32.31%),B:7579.7(17.71%),P:1e-178	Tpos:216.8,Tstd:150.9,Bpos:186.7,Bstd:117.1,StrandBias:-0.0,Multiplicity:1.14
0.130	0.012	0.106	0.752
0.069	0.001	0.929	0.001
0.062	0.080	0.838	0.020
0.605	0.001	0.001	0.393
0.612	0.106	0.091	0.191
0.001	0.030	0.001	0.968
0.001	0.427	0.308	0.264
0.065	0.473	0.037	0.425
0.295	0.207	0.269	0.229
0.285	0.199	0.266	0.250
>TSAGTCACTG	8-TSAGTCACTG	8.108787	-407.620958	0	T:1319.0(20.07%),B:3723.9(8.70%),P:1e-177	Tpos:225.2,Tstd:166.1,Bpos:185.6,Bstd:125.9,StrandBias:0.1,Multiplicity:1.07
0.195	0.155	0.014	0.636
0.233	0.376	0.390	0.001
0.754	0.233	0.012	0.001
0.163	0.247	0.513	0.077
0.076	0.030	0.001	0.893
0.001	0.997	0.001	0.001
0.996	0.002	0.001	0.001
0.001	0.997	0.001	0.001
0.165	0.001	0.001	0.833
0.001	0.001	0.997	0.001
>DRARBHATKY	9-DRARBHATKY	4.998329	-293.912219	0	T:3582.0(54.50%),B:17014.2(39.76%),P:1e-127	Tpos:212.1,Tstd:164.2,Bpos:185.1,Bstd:116.9,StrandBias:0.1,Multiplicity:1.35
0.313	0.050	0.346	0.290
0.483	0.026	0.451	0.040
0.772	0.048	0.095	0.085
0.504	0.027	0.450	0.019
0.058	0.356	0.320	0.266
0.342	0.310	0.014	0.334
0.735	0.091	0.092	0.082
0.069	0.117	0.062	0.752
0.030	0.023	0.492	0.455
0.055	0.506	0.055	0.384
>TGABGTCAYN	10-TGABGTCAYN	5.902906	-264.361050	0	T:1379.0(20.98%),B:4785.8(11.18%),P:1e-114	Tpos:208.3,Tstd:141.2,Bpos:186.7,Bstd:123.1,StrandBias:0.0,Multiplicity:1.11
0.106	0.084	0.057	0.753
0.167	0.019	0.571	0.243
0.647	0.124	0.116	0.113
0.121	0.345	0.254	0.280
0.259	0.229	0.421	0.091
0.130	0.081	0.058	0.731
0.183	0.618	0.137	0.062
0.765	0.076	0.016	0.143
0.050	0.334	0.160	0.456
0.231	0.259	0.210	0.299
>WGCATTCCTV	11-WGCATTCCTV	7.371410	-213.592496	0	T:1350.0(20.54%),B:4998.4(11.68%),P:1e-92	Tpos:214.5,Tstd:154.7,Bpos:187.5,Bstd:120.2,StrandBias:-0.1,Multiplicity:1.07
0.383	0.152	0.148	0.317
0.001	0.058	0.763	0.178
0.001	0.850	0.148	0.001
0.826	0.030	0.043	0.101
0.108	0.004	0.048	0.840
0.001	0.020	0.075	0.904
0.102	0.708	0.015	0.175
0.058	0.687	0.009	0.246
0.005	0.012	0.075	0.908
0.258	0.238	0.353	0.150
>NVAAATATKT	12-NVAAATATKT	6.869334	-202.165886	0	T:1809.0(27.52%),B:7522.1(17.58%),P:1e-87	Tpos:207.0,Tstd:155.9,Bpos:187.9,Bstd:113.8,StrandBias:0.0,Multiplicity:1.22
0.281	0.246	0.286	0.187
0.339	0.225	0.343	0.094
0.997	0.001	0.001	0.001
0.877	0.121	0.001	0.001
0.519	0.112	0.341	0.028
0.275	0.036	0.001	0.688
0.828	0.001	0.090	0.081
0.032	0.152	0.056	0.760
0.001	0.001	0.436	0.562
0.001	0.001	0.001	0.997
>CYSTGGGAAM	13-CYSTGGGAAM	7.356124	-174.948949	0	T:1605.0(24.42%),B:6671.1(15.59%),P:1e-75	Tpos:218.5,Tstd:164.5,Bpos:185.3,Bstd:114.8,StrandBias:-0.0,Multiplicity:1.18
0.042	0.672	0.081	0.205
0.038	0.461	0.071	0.430
0.221	0.385	0.333	0.062
0.064	0.001	0.001	0.934
0.001	0.001	0.997	0.001
0.082	0.001	0.843	0.074
0.132	0.056	0.719	0.093
0.909	0.001	0.089	0.001
0.909	0.001	0.089	0.001
0.418	0.415	0.088	0.079
>CTAAAAATAG	14-CTAAAAATAG	7.933934	-149.542121	0	T:651.0(9.90%),B:2049.6(4.79%),P:1e-64	Tpos:206.0,Tstd:143.9,Bpos:188.3,Bstd:112.1,StrandBias:-0.2,Multiplicity:1.06
0.035	0.832	0.090	0.043
0.048	0.209	0.033	0.710
0.741	0.075	0.062	0.122
0.633	0.031	0.085	0.251
0.875	0.024	0.032	0.069
0.865	0.063	0.025	0.047
0.902	0.022	0.029	0.047
0.023	0.059	0.034	0.884
0.883	0.057	0.027	0.033
0.174	0.065	0.681	0.080
>TCAKCCCACA	15-TCAKCCCACA	6.978963	-118.515281	0	T:727.0(11.06%),B:2612.5(6.11%),P:1e-51	Tpos:213.3,Tstd:152.6,Bpos:186.9,Bstd:115.4,StrandBias:0.1,Multiplicity:1.06
0.359	0.063	0.025	0.553
0.078	0.625	0.027	0.270
0.447	0.231	0.183	0.139
0.016	0.045	0.486	0.453
0.209	0.412	0.247	0.132
0.081	0.738	0.161	0.020
0.190	0.673	0.123	0.014
0.916	0.017	0.039	0.028
0.238	0.459	0.270	0.033
0.584	0.050	0.328	0.038
>TTTGGCAAGW	16-TTTGGCAAGW	7.357834	-117.883163	0	T:1283.0(19.52%),B:5507.7(12.87%),P:1e-51	Tpos:221.1,Tstd:158.4,Bpos:185.7,Bstd:116.1,StrandBias:0.0,Multiplicity:1.08
0.001	0.025	0.001	0.973
0.001	0.144	0.023	0.832
0.365	0.001	0.001	0.633
0.301	0.001	0.697	0.001
0.001	0.001	0.997	0.001
0.306	0.609	0.001	0.084
0.606	0.271	0.001	0.122
0.494	0.001	0.168	0.337
0.001	0.288	0.544	0.167
0.396	0.091	0.080	0.433
>WRACASACTG	17-WRACASACTG	7.775312	-102.126765	0	T:1069.0(16.26%),B:4521.9(10.57%),P:1e-44	Tpos:211.3,Tstd:157.1,Bpos:187.5,Bstd:121.0,StrandBias:0.1,Multiplicity:1.09
0.518	0.043	0.001	0.438
0.445	0.001	0.433	0.120
0.552	0.104	0.281	0.063
0.102	0.807	0.001	0.090
0.799	0.025	0.001	0.175
0.001	0.480	0.395	0.123
0.536	0.001	0.156	0.307
0.001	0.997	0.001	0.001
0.079	0.013	0.006	0.902
0.001	0.001	0.980	0.018
>RSAGTCATMA	18-RSAGTCATMA	7.044667	-94.737877	0	T:856.0(13.02%),B:3469.4(8.11%),P:1e-41	Tpos:228.3,Tstd:167.5,Bpos:186.0,Bstd:123.3,StrandBias:-0.2,Multiplicity:1.11
0.471	0.110	0.419	0.001
0.001	0.355	0.482	0.162
0.997	0.001	0.001	0.001
0.001	0.001	0.997	0.001
0.001	0.001	0.001	0.997
0.001	0.997	0.001	0.001
0.997	0.001	0.001	0.001
0.001	0.031	0.058	0.910
0.554	0.444	0.001	0.001
0.509	0.234	0.241	0.016
>KGSMTTSCTA	19-KGSMTTSCTA	7.783420	-89.953809	0	T:670.0(10.19%),B:2559.9(5.98%),P:1e-39	Tpos:216.4,Tstd:169.9,Bpos:190.8,Bstd:111.4,StrandBias:0.1,Multiplicity:1.03
0.146	0.065	0.394	0.396
0.039	0.164	0.790	0.007
0.167	0.433	0.362	0.038
0.407	0.263	0.157	0.174
0.001	0.001	0.036	0.962
0.004	0.001	0.001	0.994
0.163	0.426	0.397	0.014
0.063	0.915	0.001	0.021
0.001	0.001	0.050	0.948
0.590	0.233	0.092	0.085
>ACWGGAARTC	20-ACWGGAARTC	8.175859	-53.156826	0	T:724.0(11.01%),B:3230.8(7.55%),P:1e-23	Tpos:207.2,Tstd:160.2,Bpos:183.5,Bstd:117.2,StrandBias:0.1,Multiplicity:1.05
0.665	0.001	0.333	0.001
0.001	0.997	0.001	0.001
0.364	0.001	0.176	0.458
0.123	0.001	0.875	0.001
0.141	0.229	0.544	0.086
0.945	0.001	0.001	0.053
0.954	0.044	0.001	0.001
0.433	0.001	0.309	0.256
0.001	0.001	0.040	0.958
0.096	0.431	0.197	0.276
>DGAVWGCWGA	21-DGAVWGCWGA	5.964573	-46.647463	0	T:1106.0(16.83%),B:5485.3(12.82%),P:1e-20	Tpos:212.6,Tstd:156.7,Bpos:186.7,Bstd:121.6,StrandBias:-0.1,Multiplicity:1.11
0.324	0.077	0.268	0.331
0.162	0.163	0.521	0.154
0.693	0.013	0.110	0.184
0.298	0.288	0.318	0.095
0.407	0.071	0.094	0.427
0.099	0.047	0.634	0.220
0.087	0.614	0.223	0.076
0.448	0.181	0.061	0.310
0.348	0.062	0.544	0.046
0.482	0.318	0.087	0.114
>ATCGGTCAGG	22-ATCGGTCAGG	11.636680	-27.732567	0	T:21.0(0.32%),B:17.5(0.04%),P:1e-12	Tpos:186.8,Tstd:108.7,Bpos:254.8,Bstd:108.2,StrandBias:-0.3,Multiplicity:1.00
0.997	0.001	0.001	0.001
0.001	0.271	0.001	0.727
0.001	0.997	0.001	0.001
0.001	0.001	0.997	0.001
0.001	0.001	0.997	0.001
0.001	0.097	0.001	0.901
0.001	0.997	0.001	0.001
0.727	0.001	0.001	0.271
0.001	0.001	0.849	0.149
0.001	0.271	0.727	0.001
>TTGRGCCAAG	23-TTGRGCCAAG	6.144196	-26.158608	0	T:175.0(2.66%),B:650.2(1.52%),P:1e-11	Tpos:218.8,Tstd:143.9,Bpos:188.3,Bstd:108.7,StrandBias:-0.0,Multiplicity:1.10
0.001	0.001	0.001	0.997
0.001	0.001	0.001	0.997
0.001	0.001	0.717	0.281
0.445	0.001	0.553	0.001
0.001	0.001	0.997	0.001
0.001	0.997	0.001	0.001
0.001	0.997	0.001	0.001
0.997	0.001	0.001	0.001
0.912	0.086	0.001	0.001
0.293	0.013	0.692	0.002
>ASTSGGTGCA	24-ASTSGGTGCA	10.165757	-13.487868	0	T:73.0(1.11%),B:259.6(0.61%),P:1e-5	Tpos:179.6,Tstd:104.2,Bpos:184.4,Bstd:120.6,StrandBias:1.0,Multiplicity:1.46
0.951	0.047	0.001	0.001
0.001	0.553	0.445	0.001
0.001	0.001	0.001	0.997
0.001	0.562	0.436	0.001
0.217	0.069	0.713	0.001
0.068	0.001	0.930	0.001
0.001	0.117	0.069	0.813
0.117	0.217	0.665	0.001
0.001	0.997	0.001	0.001
0.997	0.001	0.001	0.001
>CGTGAGCACC	25-CGTGAGCACC	5.336602	-3.567011	0	T:207.0(3.15%),B:1177.9(2.75%),P:1e-1	Tpos:221.5,Tstd:166.3,Bpos:187.2,Bstd:121.2,StrandBias:-0.3,Multiplicity:1.22
0.001	0.997	0.001	0.001
0.001	0.001	0.997	0.001
0.001	0.001	0.001	0.997
0.001	0.001	0.997	0.001
0.997	0.001	0.001	0.001
0.001	0.001	0.997	0.001
0.001	0.997	0.001	0.001
0.997	0.001	0.001	0.001
0.001	0.795	0.203	0.001
0.001	0.997	0.001	0.001
>NNNVTGASTCAY	1-NNNVTGASTCAY	7.331933	-4637.063447	0	T:3959.0(60.23%),B:4698.0(10.98%),P:1e-2013	Tpos:195.1,Tstd:123.9,Bpos:185.1,Bstd:124.4,StrandBias:-0.0,Multiplicity:1.29
0.237	0.216	0.259	0.287
0.228	0.267	0.219	0.286
0.241	0.199	0.291	0.269
0.368	0.234	0.289	0.109
0.001	0.001	0.001	0.997
0.001	0.001	0.764	0.234
0.996	0.001	0.001	0.002
0.139	0.348	0.345	0.168
0.003	0.001	0.001	0.995
0.242	0.756	0.001	0.001
0.997	0.001	0.001	0.001
0.097	0.272	0.231	0.399
>NDRCATTCCADN	2-NDRCATTCCADN	6.739208	-764.860171	0	T:2373.0(36.10%),B:6941.5(16.22%),P:1e-332	Tpos:214.3,Tstd:147.4,Bpos:186.4,Bstd:117.6,StrandBias:0.0,Multiplicity:1.18
0.256	0.230	0.231	0.283
0.317	0.167	0.203	0.312
0.465	0.052	0.394	0.089
0.210	0.691	0.070	0.029
0.887	0.039	0.018	0.056
0.027	0.044	0.033	0.896
0.104	0.032	0.048	0.816
0.043	0.860	0.048	0.049
0.022	0.929	0.011	0.038
0.668	0.042	0.046	0.244
0.265	0.137	0.342	0.256
0.303	0.197	0.247	0.252
>GTGACTAAGCAH	3-GTGACTAAGCAH	7.255211	-680.657295	0	T:1981.0(30.14%),B:5485.6(12.82%),P:1e-295	Tpos:216.3,Tstd:163.3,Bpos:188.7,Bstd:121.6,StrandBias:-0.1,Multiplicity:1.13
0.218	0.221	0.383	0.178
0.098	0.001	0.002	0.899
0.008	0.078	0.835	0.079
0.882	0.017	0.022	0.079
0.012	0.906	0.075	0.007
0.159	0.111	0.001	0.729
0.583	0.209	0.127	0.081
0.822	0.001	0.014	0.163
0.198	0.100	0.695	0.007
0.206	0.718	0.019	0.057
0.623	0.133	0.001	0.243
0.231	0.353	0.199	0.217
>WTTYCTGTGGTT	4-WTTYCTGTGGTT	7.640882	-530.428696	0	T:1887.0(28.71%),B:5733.1(13.40%),P:1e-230	Tpos:216.9,Tstd:148.1,Bpos:186.2,Bstd:112.9,StrandBias:0.1,Multiplicity:1.17
0.373	0.140	0.200	0.287
0.210	0.122	0.137	0.531
0.202	0.133	0.225	0.439
0.020	0.438	0.181	0.361
0.001	0.594	0.001	0.404
0.051	0.001	0.001	0.947
0.001	0.004	0.994	0.001
0.001	0.001	0.001	0.997
0.001	0.001	0.997	0.001
0.001	0.001	0.997	0.001
0.004	0.173	0.057	0.766
0.041	0.257	0.140	0.562
>AAACCACATTCC	5-AAACCACATTCC	6.760856	-332.042045	0	T:1992.0(30.31%),B:7437.1(17.38%),P:1e-144	Tpos:211.0,Tstd:154.0,Bpos:186.6,Bstd:116.5,StrandBias:-0.0,Multiplicity:1.22
0.452	0.187	0.117	0.243
0.503	0.154	0.156	0.187
0.502	0.098	0.267	0.133
0.225	0.584	0.080	0.111
0.217	0.728	0.005	0.050
0.911	0.017	0.007	0.065
0.110	0.728	0.140	0.022
0.961	0.003	0.001	0.035
0.159	0.063	0.238	0.540
0.189	0.096	0.157	0.558
0.055	0.608	0.133	0.204
0.110	0.601	0.019	0.270
>ATGABVTCATYN	6-ATGABVTCATYN	7.866371	-256.711979	0	T:978.0(14.88%),B:2938.3(6.87%),P:1e-111	Tpos:210.3,Tstd:137.2,Bpos:186.8,Bstd:122.8,StrandBias:0.0,Multiplicity:1.09
0.487	0.233	0.240	0.040
0.013	0.003	0.040	0.944
0.001	0.001	0.927	0.071
0.893	0.059	0.001	0.047
0.142	0.329	0.280	0.248
0.290	0.323	0.290	0.096
0.152	0.001	0.007	0.840
0.140	0.858	0.001	0.001
0.997	0.001	0.001	0.001
0.001	0.267	0.223	0.509
0.178	0.343	0.169	0.310
0.260	0.307	0.174	0.260
>GTTTNYYTTGGC	7-GTTTNYYTTGGC	9.385904	-216.988962	0	T:434.0(6.60%),B:883.3(2.06%),P:1e-94	Tpos:210.4,Tstd:141.4,Bpos:191.0,Bstd:110.9,StrandBias:0.1,Multiplicity:1.04
0.165	0.076	0.758	0.001
0.020	0.165	0.001	0.814
0.001	0.001	0.173	0.825
0.066	0.001	0.251	0.682
0.309	0.170	0.214	0.307
0.075	0.364	0.053	0.508
0.001	0.494	0.080	0.425
0.001	0.150	0.001	0.848
0.001	0.001	0.001	0.997
0.001	0.001	0.919	0.079
0.001	0.011	0.987	0.001
0.320	0.639	0.040	0.001
>GCTATTTTTAGM	8-GCTATTTTTAGM	9.017138	-192.036596	0	T:473.0(7.20%),B:1106.6(2.59%),P:1e-83	Tpos:204.8,Tstd:130.5,Bpos:188.6,Bstd:111.8,StrandBias:0.2,Multiplicity:1.04
0.156	0.061	0.646	0.137
0.041	0.732	0.020	0.207
0.001	0.040	0.001	0.958
0.958	0.001	0.040	0.001
0.001	0.001	0.019	0.979
0.144	0.001	0.001	0.854
0.001	0.040	0.001	0.958
0.355	0.001	0.001	0.643
0.306	0.020	0.001	0.673
0.687	0.001	0.272	0.040
0.201	0.001	0.621	0.177
0.319	0.371	0.152	0.159
>GMDTTAGTCAGC	9-GMDTTAGTCAGC	9.292794	-166.270142	0	T:273.0(4.15%),B:476.1(1.11%),P:1e-72	Tpos:177.2,Tstd:107.2,Bpos:189.0,Bstd:120.8,StrandBias:-0.3,Multiplicity:1.02
0.118	0.352	0.511	0.019
0.418	0.387	0.001	0.194
0.277	0.001	0.312	0.410
0.001	0.113	0.001	0.885
0.037	0.054	0.001	0.908
0.997	0.001	0.001	0.001
0.001	0.293	0.705	0.001
0.181	0.001	0.001	0.817
0.001	0.944	0.037	0.018
0.997	0.001	0.001	0.001
0.129	0.165	0.631	0.075
0.158	0.725	0.001	0.116
>DCTCTGGGAAAK	10-DCTCTGGGAAAK	8.400370	-162.777710	0	T:1026.0(15.61%),B:3753.6(8.77%),P:1e-70	Tpos:221.3,Tstd:164.4,Bpos:187.6,Bstd:113.8,StrandBias:0.1,Multiplicity:1.10
0.293	0.069	0.312	0.326
0.068	0.501	0.173	0.258
0.069	0.235	0.001	0.695
0.001	0.748	0.241	0.010
0.009	0.001	0.001	0.989
0.001	0.001	0.993	0.005
0.161	0.001	0.820	0.018
0.135	0.012	0.852	0.001
0.881	0.007	0.111	0.001
0.990	0.001	0.006	0.003
0.588	0.106	0.135	0.171
0.204	0.153	0.354	0.289
>ATGATTTATGGC	11-ATGATTTATGGC	7.238722	-137.857456	0	T:479.0(7.29%),B:1354.5(3.17%),P:1e-59	Tpos:202.1,Tstd:150.0,Bpos:182.9,Bstd:117.5,StrandBias:0.0,Multiplicity:1.03
0.753	0.104	0.072	0.071
0.087	0.024	0.097	0.792
0.093	0.083	0.746	0.078
0.763	0.075	0.070	0.092
0.103	0.102	0.077	0.718
0.062	0.081	0.099	0.758
0.093	0.080	0.097	0.730
0.726	0.105	0.088	0.081
0.081	0.023	0.087	0.809
0.122	0.022	0.754	0.102
0.110	0.066	0.723	0.101
0.092	0.730	0.080	0.098
>GGAAAAATATGT	12-GGAAAAATATGT	7.105920	-122.215116	0	T:1157.0(17.60%),B:4783.2(11.18%),P:1e-53	Tpos:208.3,Tstd:157.4,Bpos:188.1,Bstd:114.0,StrandBias:0.1,Multiplicity:1.10
0.232	0.001	0.656	0.111
0.109	0.047	0.783	0.061
0.701	0.001	0.161	0.137
0.743	0.055	0.139	0.063
0.997	0.001	0.001	0.001
0.866	0.094	0.001	0.039
0.855	0.031	0.113	0.001
0.126	0.061	0.010	0.803
0.886	0.044	0.069	0.001
0.001	0.001	0.001	0.997
0.009	0.001	0.906	0.084
0.092	0.144	0.001	0.763
>GGATAATGCTTT	13-GGATAATGCTTT	10.748958	-49.861060	0	T:16.0(0.24%),B:2.9(0.01%),P:1e-21	Tpos:163.3,Tstd:110.0,Bpos:153.4,Bstd:47.9,StrandBias:0.0,Multiplicity:1.00
0.001	0.001	0.997	0.001
0.001	0.001	0.997	0.001
0.997	0.001	0.001	0.001
0.001	0.001	0.001	0.997
0.997	0.001	0.001	0.001
0.997	0.001	0.001	0.001
0.001	0.055	0.001	0.943
0.001	0.001	0.997	0.001
0.001	0.997	0.001	0.001
0.001	0.001	0.001	0.997
0.055	0.001	0.001	0.943
0.055	0.001	0.001	0.943
>GAGCCAACKDCT	14-GAGCCAACKDCT	14.125931	-38.257607	0	T:11.0(0.17%),B:0.5(0.00%),P:1e-16	Tpos:164.7,Tstd:96.9,Bpos:350.0,Bstd:0.0,StrandBias:1.5,Multiplicity:1.36
0.001	0.001	0.997	0.001
0.997	0.001	0.001	0.001
0.001	0.287	0.711	0.001
0.001	0.997	0.001	0.001
0.001	0.997	0.001	0.001
0.997	0.001	0.001	0.001
0.997	0.001	0.001	0.001
0.001	0.711	0.287	0.001
0.001	0.001	0.574	0.424
0.424	0.001	0.287	0.287
0.001	0.997	0.001	0.001
0.001	0.001	0.001	0.997
>TTCTAGGACATG	15-TTCTAGGACATG	13.821861	-34.442066	0	T:12.0(0.18%),B:2.8(0.01%),P:1e-14	Tpos:171.3,Tstd:134.5,Bpos:181.9,Bstd:58.6,StrandBias:0.0,Multiplicity:1.00
0.001	0.001	0.001	0.997
0.001	0.001	0.062	0.936
0.001	0.997	0.001	0.001
0.001	0.001	0.001	0.997
0.997	0.001	0.001	0.001
0.001	0.001	0.997	0.001
0.001	0.001	0.997	0.001
0.997	0.001	0.001	0.001
0.001	0.997	0.001	0.001
0.997	0.001	0.001	0.001
0.001	0.001	0.001	0.997
0.001	0.001	0.997	0.001
>TGAGTTGGCTCA	16-TGAGTTGGCTCA	11.755693	-32.590775	0	T:15.0(0.23%),B:6.0(0.01%),P:1e-14	Tpos:187.0,Tstd:167.8,Bpos:265.8,Bstd:60.7,StrandBias:-0.8,Multiplicity:1.27
0.001	0.045	0.001	0.953
0.001	0.001	0.997	0.001
0.997	0.001	0.001	0.001
0.001	0.174	0.824	0.001
0.001	0.001	0.001	0.997
0.001	0.001	0.001	0.997
0.001	0.001	0.997	0.001
0.001	0.001	0.997	0.001
0.001	0.997	0.001	0.001
0.001	0.001	0.001	0.997
0.001	0.997	0.001	0.001
0.997	0.001	0.001	0.001
>GATTTGGCTCAG	17-GATTTGGCTCAG	13.855305	-29.613500	0	T:14.0(0.21%),B:5.6(0.01%),P:1e-12	Tpos:142.7,Tstd:88.5,Bpos:188.8,Bstd:166.4,StrandBias:-1.8,Multiplicity:1.29
0.180	0.001	0.818	0.001
0.997	0.001	0.001	0.001
0.001	0.001	0.001	0.997
0.001	0.001	0.001	0.997
0.001	0.001	0.001	0.997
0.001	0.001	0.997	0.001
0.001	0.001	0.997	0.001
0.001	0.595	0.403	0.001
0.403	0.001	0.001	0.595
0.001	0.997	0.001	0.001
0.997	0.001	0.001	0.001
0.001	0.001	0.997	0.001
>TGCTGTCAATGG	18-TGCTGTCAATGG	12.355432	-21.775659	0	T:7.0(0.11%),B:0.6(0.00%),P:1e-9	Tpos:181.8,Tstd:121.0,Bpos:115.0,Bstd:0.0,StrandBias:10.0,Multiplicity:1.71
0.100	0.100	0.100	0.700
0.100	0.100	0.700	0.100
0.100	0.700	0.100	0.100
0.100	0.100	0.100	0.700
0.100	0.100	0.700	0.100
0.100	0.100	0.100	0.700
0.100	0.700	0.100	0.100
0.700	0.100	0.100	0.100
0.700	0.100	0.100	0.100
0.100	0.100	0.100	0.700
0.100	0.100	0.700	0.100
0.100	0.100	0.700	0.100
>TTCCACCTGTGC	19-TTCCACCTGTGC	12.355432	-13.924886	0	T:6.0(0.09%),B:2.2(0.01%),P:1e-6	Tpos:144.3,Tstd:91.2,Bpos:227.2,Bstd:57.5,StrandBias:10.0,Multiplicity:3.00
0.100	0.100	0.100	0.700
0.100	0.100	0.100	0.700
0.100	0.700	0.100	0.100
0.100	0.700	0.100	0.100
0.700	0.100	0.100	0.100
0.100	0.700	0.100	0.100
0.100	0.700	0.100	0.100
0.100	0.100	0.100	0.700
0.100	0.100	0.700	0.100
0.100	0.100	0.100	0.700
0.100	0.100	0.700	0.100
0.100	0.700	0.100	0.100
>ACTGGGTTCACG	20-ACTGGGTTCACG	13.640424	-10.944714	0	T:5.0(0.08%),B:2.4(0.01%),P:1e-4	Tpos:174.4,Tstd:77.2,Bpos:209.7,Bstd:29.1,StrandBias:-0.2,Multiplicity:3.00
0.997	0.001	0.001	0.001
0.001	0.997	0.001	0.001
0.001	0.001	0.001	0.997
0.130	0.001	0.868	0.001
0.001	0.001	0.997	0.001
0.001	0.001	0.997	0.001
0.001	0.001	0.001	0.997
0.001	0.001	0.192	0.806
0.001	0.997	0.001	0.001
0.997	0.001	0.001	0.001
0.001	0.676	0.322	0.001
0.042	0.001	0.955	0.002
>GCTCCTGCTGAT	21-GCTCCTGCTGAT	12.355432	-10.026870	0	T:6.0(0.09%),B:4.9(0.01%),P:1e-4	Tpos:166.3,Tstd:104.6,Bpos:180.6,Bstd:89.7,StrandBias:10.0,Multiplicity:3.00
0.100	0.100	0.700	0.100
0.100	0.700	0.100	0.100
0.100	0.100	0.100	0.700
0.100	0.700	0.100	0.100
0.100	0.700	0.100	0.100
0.100	0.100	0.100	0.700
0.100	0.100	0.700	0.100
0.100	0.700	0.100	0.100
0.100	0.100	0.100	0.700
0.100	0.100	0.700	0.100
0.700	0.100	0.100	0.100
0.100	0.100	0.100	0.700
>ACCTAGAGTGTA	22-ACCTAGAGTGTA	13.855305	-9.044102	0	T:5.0(0.08%),B:3.7(0.01%),P:1e-3	Tpos:121.3,Tstd:64.1,Bpos:213.9,Bstd:89.0,StrandBias:3.6,Multiplicity:2.60
0.997	0.001	0.001	0.001
0.001	0.595	0.001	0.403
0.001	0.997	0.001	0.001
0.001	0.001	0.001	0.997
0.997	0.001	0.001	0.001
0.001	0.001	0.997	0.001
0.997	0.001	0.001	0.001
0.001	0.180	0.818	0.001
0.001	0.001	0.001	0.997
0.001	0.001	0.997	0.001
0.001	0.001	0.001	0.997
0.595	0.403	0.001	0.001
>GACACACTGCAA	23-GACACACTGCAA	13.593462	-8.143980	0	T:4.0(0.06%),B:2.9(0.01%),P:1e-3	Tpos:144.6,Tstd:68.0,Bpos:143.9,Bstd:84.9,StrandBias:2.5,Multiplicity:3.25
0.001	0.001	0.997	0.001
0.997	0.001	0.001	0.001
0.001	0.997	0.001	0.001
0.997	0.001	0.001	0.001
0.001	0.997	0.001	0.001
0.997	0.001	0.001	0.001
0.001	0.946	0.052	0.001
0.001	0.001	0.001	0.997
0.001	0.001	0.997	0.001
0.001	0.997	0.001	0.001
0.997	0.001	0.001	0.001
0.946	0.052	0.001	0.001
>GAGTCAGAGTCA	24-GAGTCAGAGTCA	13.095924	-3.731972	0	T:4.0(0.06%),B:7.6(0.02%),P:1e-1	Tpos:479.9,Tstd:95.2,Bpos:142.1,Bstd:87.8,StrandBias:-4.4,Multiplicity:14.33
0.001	0.001	0.997	0.001
0.968	0.001	0.001	0.030
0.001	0.001	0.997	0.001
0.001	0.001	0.001	0.997
0.001	0.997	0.001	0.001
0.997	0.001	0.001	0.001
0.001	0.001	0.997	0.001
0.997	0.001	0.001	0.001
0.001	0.001	0.997	0.001
0.001	0.001	0.001	0.997
0.001	0.997	0.001	0.001
0.997	0.001	0.001	0.001
>CACGGTGCTCAC	25-CACGGTGCTCAC	11.714366	-3.706599	0	T:3.0(0.05%),B:4.5(0.01%),P:1e-1	Tpos:186.7,Tstd:106.6,Bpos:289.9,Bstd:96.1,StrandBias:10.0,Multiplicity:14.33
0.001	0.997	0.001	0.001
0.997	0.001	0.001	0.001
0.001	0.997	0.001	0.001
0.001	0.001	0.997	0.001
0.001	0.315	0.683	0.001
0.001	0.001	0.001	0.997
0.001	0.011	0.987	0.001
0.001	0.997	0.001	0.001
0.001	0.001	0.001	0.997
0.001	0.997	0.001	0.001
0.997	0.001	0.001	0.001
0.001	0.997	0.001	0.001
>ATGAGTCA	1-ATGAGTCA	5.716121	-4239.836560	0	T:4390.0(66.79%),B:6867.4(16.05%),P:1e-1841	Tpos:196.4,Tstd:129.1,Bpos:184.7,Bstd:125.5,StrandBias:0.0,Multiplicity:1.38
0.602	0.195	0.163	0.040
0.001	0.002	0.001	0.996
0.001	0.001	0.954	0.044
0.997	0.001	0.001	0.001
0.072	0.177	0.677	0.074
0.001	0.001	0.001	0.997
0.031	0.967	0.001	0.001
0.997	0.001	0.001	0.001
>MTGACTCR	2-MTGACTCR	5.573921	-3218.258828	0	T:3744.0(56.96%),B:6142.8(14.36%),P:1e-1397	Tpos:213.2,Tstd:160.0,Bpos:186.8,Bstd:120.6,StrandBias:0.0,Multiplicity:1.07
0.425	0.313	0.206	0.057
0.209	0.148	0.022	0.621
0.015	0.054	0.685	0.246
0.764	0.071	0.066	0.099
0.042	0.535	0.371	0.052
0.043	0.161	0.029	0.767
0.173	0.623	0.098	0.106
0.410	0.099	0.347	0.144
>ATGACGTA	3-ATGACGTA	5.477512	-1155.325897	0	T:4387.0(66.74%),B:16040.4(37.49%),P:1e-501	Tpos:213.0,Tstd:152.2,Bpos:185.8,Bstd:122.0,StrandBias:0.0,Multiplicity:1.38
0.544	0.151	0.294	0.011
0.090	0.001	0.008	0.901
0.041	0.060	0.874	0.025
0.838	0.050	0.001	0.111
0.001	0.559	0.129	0.311
0.113	0.028	0.626	0.233
0.115	0.312	0.001	0.572
0.516	0.324	0.116	0.044
>ACATTCCW	4-ACATTCCW	7.052418	-862.637792	0	T:2707.0(41.18%),B:8123.2(18.98%),P:1e-374	Tpos:211.1,Tstd:145.3,Bpos:187.7,Bstd:118.2,StrandBias:0.0,Multiplicity:1.27
0.528	0.004	0.352	0.116
0.149	0.787	0.059	0.005
0.967	0.001	0.009	0.023
0.016	0.001	0.030	0.953
0.112	0.001	0.010	0.877
0.021	0.962	0.006	0.011
0.001	0.820	0.007	0.172
0.375	0.042	0.106	0.476
>TGTGGTTT	5-TGTGGTTT	6.494746	-613.027847	0	T:2044.0(31.10%),B:6076.5(14.20%),P:1e-266	Tpos:213.3,Tstd:145.8,Bpos:185.9,Bstd:116.8,StrandBias:0.1,Multiplicity:1.22
0.001	0.023	0.001	0.975
0.001	0.001	0.997	0.001
0.001	0.018	0.001	0.980
0.001	0.001	0.997	0.001
0.001	0.001	0.997	0.001
0.001	0.096	0.001	0.902
0.001	0.114	0.001	0.884
0.200	0.071	0.001	0.728
>TGWGGTCW	6-TGWGGTCW	6.543363	-547.681948	0	T:2246.0(34.17%),B:7391.8(17.27%),P:1e-237	Tpos:208.6,Tstd:148.6,Bpos:184.9,Bstd:117.8,StrandBias:0.0,Multiplicity:1.08
0.093	0.093	0.001	0.813
0.001	0.028	0.923	0.048
0.394	0.164	0.001	0.442
0.115	0.001	0.883	0.001
0.010	0.092	0.897	0.001
0.001	0.043	0.001	0.955
0.001	0.622	0.083	0.294
0.509	0.028	0.036	0.427
>ARGAATKT	7-ARGAATKT	5.832248	-427.595714	0	T:4443.0(67.59%),B:21322.2(49.83%),P:1e-185	Tpos:208.5,Tstd:153.6,Bpos:187.3,Bstd:114.5,StrandBias:-0.0,Multiplicity:1.53
0.716	0.070	0.097	0.117
0.500	0.001	0.498	0.001
0.224	0.162	0.613	0.001
0.595	0.001	0.001	0.403
0.997	0.001	0.001	0.001
0.001	0.001	0.001	0.997
0.001	0.055	0.535	0.409
0.069	0.250	0.001	0.680
>ATTACTCA	8-ATTACTCA	7.341348	-307.628261	0	T:1128.0(17.16%),B:3351.3(7.83%),P:1e-133	Tpos:208.3,Tstd:142.7,Bpos:190.0,Bstd:121.1,StrandBias:0.0,Multiplicity:1.09
0.766	0.104	0.129	0.001
0.001	0.001	0.001	0.997
0.024	0.001	0.001	0.974
0.838	0.001	0.134	0.027
0.064	0.913	0.001	0.022
0.069	0.018	0.001	0.912
0.046	0.952	0.001	0.001
0.986	0.001	0.012	0.001
>TTCCCACA	9-TTCCCACA	8.093682	-175.189166	0	T:1154.0(17.56%),B:4300.5(10.05%),P:1e-76	Tpos:222.3,Tstd:166.5,Bpos:188.6,Bstd:114.8,StrandBias:0.0,Multiplicity:1.12
0.001	0.133	0.012	0.854
0.001	0.001	0.001	0.997
0.133	0.819	0.001	0.047
0.001	0.975	0.005	0.019
0.001	0.966	0.001	0.032
0.976	0.001	0.022	0.001
0.001	0.764	0.216	0.019
0.896	0.001	0.102	0.001
>WGGAATCC	10-WGGAATCC	7.009318	-123.213332	0	T:956.0(14.54%),B:3722.0(8.70%),P:1e-53	Tpos:219.2,Tstd:149.7,Bpos:185.8,Bstd:118.7,StrandBias:-0.1,Multiplicity:1.08
0.392	0.114	0.035	0.459
0.122	0.087	0.790	0.001
0.001	0.066	0.829	0.104
0.917	0.001	0.069	0.013
0.666	0.016	0.023	0.295
0.044	0.047	0.052	0.857
0.020	0.756	0.009	0.215
0.018	0.800	0.040	0.142
>TGSTATKC	11-TGSTATKC	6.859656	-113.971747	0	T:2181.0(33.18%),B:10692.3(24.99%),P:1e-49	Tpos:216.0,Tstd:161.0,Bpos:185.3,Bstd:118.7,StrandBias:0.1,Multiplicity:1.17
0.379	0.007	0.001	0.613
0.001	0.001	0.997	0.001
0.001	0.357	0.428	0.214
0.001	0.001	0.001	0.997
0.997	0.001	0.001	0.001
0.001	0.001	0.001	0.997
0.001	0.001	0.429	0.569
0.001	0.575	0.001	0.423
>WGCCAAAA	12-WGCCAAAA	2.897463	-112.848412	0	T:2222.0(33.80%),B:10953.6(25.60%),P:1e-49	Tpos:213.3,Tstd:158.0,Bpos:186.1,Bstd:116.9,StrandBias:-0.1,Multiplicity:1.25
0.480	0.001	0.110	0.409
0.001	0.001	0.997	0.001
0.001	0.997	0.001	0.001
0.001	0.997	0.001	0.001
0.997	0.001	0.001	0.001
0.997	0.001	0.001	0.001
0.585	0.001	0.413	0.001
0.552	0.327	0.001	0.120
>GCCTGCGG	13-GCCTGCGG	5.675466	-106.861247	0	T:2821.0(42.92%),B:14699.9(34.35%),P:1e-46	Tpos:224.8,Tstd:163.7,Bpos:185.9,Bstd:115.8,StrandBias:0.0,Multiplicity:1.40
0.028	0.118	0.790	0.064
0.025	0.806	0.045	0.124
0.028	0.837	0.037	0.098
0.148	0.030	0.064	0.758
0.056	0.152	0.733	0.059
0.147	0.489	0.162	0.203
0.047	0.042	0.833	0.078
0.155	0.060	0.759	0.026
>ACAGTCTG	14-ACAGTCTG	6.591205	-100.041662	0	T:1810.0(27.54%),B:8713.3(20.36%),P:1e-43	Tpos:214.9,Tstd:158.2,Bpos:187.8,Bstd:119.9,StrandBias:-0.0,Multiplicity:1.17
0.920	0.001	0.078	0.001
0.001	0.888	0.001	0.110
0.915	0.033	0.026	0.026
0.015	0.062	0.760	0.163
0.077	0.072	0.067	0.784
0.019	0.934	0.046	0.001
0.001	0.010	0.001	0.988
0.046	0.001	0.952	0.001
>AAATATGM	15-AAATATGM	8.507623	-76.518207	0	T:610.0(9.28%),B:2375.7(5.55%),P:1e-33	Tpos:219.1,Tstd:160.0,Bpos:187.2,Bstd:121.9,StrandBias:0.2,Multiplicity:1.04
0.997	0.001	0.001	0.001
0.997	0.001	0.001	0.001
0.507	0.146	0.346	0.001
0.001	0.001	0.001	0.997
0.997	0.001	0.001	0.001
0.001	0.001	0.001	0.997
0.001	0.001	0.997	0.001
0.471	0.527	0.001	0.001
>CGTTGCTA	16-CGTTGCTA	4.514386	-61.132991	0	T:1005.0(15.29%),B:4676.9(10.93%),P:1e-26	Tpos:219.0,Tstd:163.0,Bpos:188.2,Bstd:117.7,StrandBias:0.1,Multiplicity:1.11
0.069	0.625	0.199	0.107
0.180	0.020	0.655	0.145
0.070	0.211	0.166	0.553
0.208	0.071	0.233	0.487
0.221	0.187	0.480	0.112
0.165	0.615	0.108	0.112
0.147	0.120	0.163	0.570
0.483	0.217	0.143	0.157
>GCCAGACA	17-GCCAGACA	7.960036	-56.452644	0	T:549.0(8.35%),B:2257.6(5.28%),P:1e-24	Tpos:234.4,Tstd:169.7,Bpos:188.9,Bstd:113.6,StrandBias:0.1,Multiplicity:1.07
0.001	0.001	0.763	0.235
0.001	0.997	0.001	0.001
0.001	0.997	0.001	0.001
0.932	0.001	0.066	0.001
0.001	0.001	0.997	0.001
0.997	0.001	0.001	0.001
0.001	0.997	0.001	0.001
0.881	0.117	0.001	0.001
>ATBTGTCA	18-ATBTGTCA	7.800307	-52.783561	0	T:871.0(13.25%),B:4047.4(9.46%),P:1e-22	Tpos:214.7,Tstd:155.9,Bpos:184.7,Bstd:121.3,StrandBias:0.3,Multiplicity:1.08
0.972	0.001	0.001	0.026
0.001	0.193	0.001	0.805
0.001	0.298	0.334	0.367
0.001	0.001	0.298	0.700
0.001	0.032	0.966	0.001
0.001	0.001	0.001	0.997
0.001	0.997	0.001	0.001
0.746	0.001	0.060	0.193
>TCCCACGG	19-TCCCACGG	6.781025	-47.209850	0	T:970.0(14.76%),B:4693.6(10.97%),P:1e-20	Tpos:217.8,Tstd:164.7,Bpos:185.1,Bstd:112.8,StrandBias:-0.1,Multiplicity:1.10
0.063	0.038	0.028	0.871
0.024	0.933	0.024	0.019
0.001	0.952	0.001	0.046
0.001	0.997	0.001	0.001
0.916	0.028	0.001	0.055
0.144	0.540	0.147	0.169
0.001	0.068	0.851	0.080
0.001	0.049	0.949	0.001
>CATCTGGA	20-CATCTGGA	7.197021	-46.539271	0	T:534.0(8.12%),B:2288.5(5.35%),P:1e-20	Tpos:208.6,Tstd:145.0,Bpos:188.7,Bstd:116.1,StrandBias:-0.0,Multiplicity:1.04
0.001	0.997	0.001	0.001
0.997	0.001	0.001	0.001
0.001	0.001	0.001	0.997
0.001	0.997	0.001	0.001
0.001	0.039	0.001	0.959
0.001	0.001	0.997	0.001
0.001	0.001	0.997	0.001
0.532	0.231	0.001	0.236
>TATTTTTA	21-TATTTTTA	8.236954	-45.342976	0	T:433.0(6.59%),B:1771.0(4.14%),P:1e-19	Tpos:212.7,Tstd:147.5,Bpos:183.7,Bstd:108.1,StrandBias:0.1,Multiplicity:1.05
0.100	0.100	0.100	0.700
0.700	0.100	0.100	0.100
0.100	0.100	0.100	0.700
0.100	0.100	0.100	0.700
0.100	0.100	0.100	0.700
0.100	0.100	0.100	0.700
0.100	0.100	0.100	0.700
0.700	0.100	0.100	0.100
>TGGTATGA	22-TGGTATGA	8.942164	-43.886668	0	T:150.0(2.28%),B:423.2(0.99%),P:1e-19	Tpos:184.2,Tstd:131.9,Bpos:180.1,Bstd:119.9,StrandBias:-0.1,Multiplicity:1.02
0.001	0.126	0.001	0.872
0.001	0.001	0.997	0.001
0.001	0.001	0.997	0.001
0.001	0.001	0.001	0.997
0.997	0.001	0.001	0.001
0.001	0.055	0.001	0.943
0.001	0.001	0.997	0.001
0.997	0.001	0.001	0.001
>TATGACTG	23-TATGACTG	8.905539	-42.001495	0	T:386.0(5.87%),B:1563.8(3.65%),P:1e-18	Tpos:208.5,Tstd:147.1,Bpos:186.8,Bstd:127.0,StrandBias:0.1,Multiplicity:1.04
0.001	0.001	0.259	0.739
0.997	0.001	0.001	0.001
0.001	0.001	0.001	0.997
0.001	0.001	0.997	0.001
0.997	0.001	0.001	0.001
0.001	0.843	0.001	0.155
0.001	0.001	0.001	0.997
0.001	0.001	0.997	0.001
>AGTGGTTT	24-AGTGGTTT	8.236954	-27.324553	0	T:166.0(2.53%),B:597.8(1.40%),P:1e-11	Tpos:221.3,Tstd:168.8,Bpos:184.1,Bstd:117.6,StrandBias:0.0,Multiplicity:1.01
0.700	0.100	0.100	0.100
0.100	0.100	0.700	0.100
0.100	0.100	0.100	0.700
0.100	0.100	0.700	0.100
0.100	0.100	0.700	0.100
0.100	0.100	0.100	0.700
0.100	0.100	0.100	0.700
0.100	0.100	0.100	0.700
>CGTGAGCA	25-CGTGAGCA	8.236954	-3.641827	0	T:44.0(0.67%),B:209.3(0.49%),P:1e-1	Tpos:219.2,Tstd:167.2,Bpos:193.6,Bstd:130.6,StrandBias:-1.3,Multiplicity:2.03
0.100	0.700	0.100	0.100
0.100	0.100	0.700	0.100
0.100	0.100	0.100	0.700
0.100	0.100	0.700	0.100
0.700	0.100	0.100	0.100
0.100	0.100	0.700	0.100
0.100	0.700	0.100	0.100
0.700	0.100	0.100	0.100
