>TGASTCAYCS	1-TGASTCAYCS	5.819911	-4259.270869	0	T:4003.0(60.90%),B:5369.3(12.55%),P:1e-1849	Tpos:196.4,Tstd:126.0,Bpos:184.3,Bstd:124.9,StrandBias:-0.0,Multiplicity:1.31
0.077	0.078	0.067	0.778
0.087	0.087	0.673	0.153
0.768	0.080	0.079	0.073
0.101	0.391	0.398	0.110
0.078	0.068	0.090	0.764
0.146	0.694	0.072	0.088
0.759	0.071	0.100	0.070
0.111	0.266	0.231	0.392
0.217	0.391	0.162	0.230
0.202	0.247	0.387	0.164
>MTGASTCATN	2-MTGASTCATN	6.179301	-3786.003965	0	T:4212.0(64.08%),B:6951.2(16.25%),P:1e-1644	Tpos:198.4,Tstd:135.7,Bpos:190.5,Bstd:121.5,StrandBias:0.0,Multiplicity:1.13
0.448	0.315	0.226	0.012
0.037	0.059	0.008	0.896
0.040	0.059	0.677	0.224
0.783	0.044	0.055	0.118
0.103	0.330	0.444	0.123
0.078	0.030	0.043	0.849
0.236	0.704	0.018	0.042
0.915	0.008	0.034	0.043
0.016	0.278	0.252	0.454
0.298	0.203	0.296	0.203
>TGACTCRTTC	3-TGACTCRTTC	6.827124	-1018.319650	0	T:2084.0(31.71%),B:4717.8(11.03%),P:1e-442	Tpos:205.8,Tstd:141.7,Bpos:188.2,Bstd:122.5,StrandBias:0.2,Multiplicity:1.06
0.028	0.096	0.095	0.781
0.001	0.001	0.896	0.102
0.570	0.176	0.219	0.035
0.001	0.824	0.174	0.001
0.001	0.020	0.020	0.959
0.001	0.807	0.107	0.085
0.465	0.001	0.533	0.001
0.001	0.240	0.085	0.674
0.001	0.138	0.138	0.723
0.259	0.628	0.001	0.112
>ACNRCATTCC	4-ACNRCATTCC	7.276838	-786.417766	0	T:1747.0(26.58%),B:4084.8(9.55%),P:1e-341	Tpos:217.9,Tstd:152.6,Bpos:183.9,Bstd:117.9,StrandBias:0.0,Multiplicity:1.15
0.499	0.174	0.155	0.172
0.209	0.453	0.210	0.128
0.208	0.286	0.240	0.266
0.463	0.019	0.458	0.059
0.140	0.789	0.070	0.001
0.988	0.001	0.010	0.001
0.024	0.055	0.012	0.909
0.036	0.006	0.021	0.937
0.005	0.958	0.024	0.013
0.009	0.885	0.012	0.094
>YTGTGGTTNB	5-YTGTGGTTNB	7.855604	-660.242232	0	T:1754.0(26.68%),B:4564.4(10.67%),P:1e-286	Tpos:210.5,Tstd:144.4,Bpos:186.5,Bstd:116.6,StrandBias:0.1,Multiplicity:1.18
0.001	0.460	0.018	0.521
0.001	0.031	0.001	0.967
0.001	0.001	0.997	0.001
0.094	0.001	0.013	0.892
0.001	0.001	0.997	0.001
0.001	0.001	0.997	0.001
0.001	0.159	0.085	0.755
0.068	0.138	0.001	0.793
0.330	0.183	0.190	0.296
0.182	0.271	0.346	0.201
>TGACTCATGG	6-TGACTCATGG	6.523343	-652.161448	0	T:875.0(13.31%),B:1312.6(3.07%),P:1e-283	Tpos:213.3,Tstd:157.5,Bpos:188.7,Bstd:119.8,StrandBias:-0.1,Multiplicity:1.03
0.006	0.369	0.007	0.618
0.275	0.093	0.444	0.188
0.504	0.135	0.203	0.158
0.015	0.589	0.280	0.116
0.162	0.085	0.159	0.594
0.142	0.554	0.019	0.285
0.547	0.101	0.168	0.184
0.028	0.118	0.171	0.683
0.205	0.025	0.755	0.015
0.195	0.250	0.410	0.145
>TGGAATSYNN	7-TGGAATSYNN	6.603618	-411.901508	0	T:2124.0(32.31%),B:7579.7(17.71%),P:1e-178	Tpos:216.8,Tstd:150.9,Bpos:186.7,Bstd:117.1,StrandBias:-0.0,Multiplicity:1.14
0.130	0.012	0.106	0.752
0.069	0.001	0.929	0.001
0.062	0.080	0.838	0.020
0.605	0.001	0.001	0.393
0.612	0.106	0.091	0.191
0.001	0.030	0.001	0.968
0.001	0.427	0.308	0.264
0.065	0.473	0.037	0.425
0.295	0.207	0.269	0.229
0.285	0.199	0.266	0.250
>TSAGTCACTG	8-TSAGTCACTG	8.108787	-407.620958	0	T:1319.0(20.07%),B:3723.9(8.70%),P:1e-177	Tpos:225.2,Tstd:166.1,Bpos:185.6,Bstd:125.9,StrandBias:0.1,Multiplicity:1.07
0.195	0.155	0.014	0.636
0.233	0.376	0.390	0.001
0.754	0.233	0.012	0.001
0.163	0.247	0.513	0.077
0.076	0.030	0.001	0.893
0.001	0.997	0.001	0.001
0.996	0.002	0.001	0.001
0.001	0.997	0.001	0.001
0.165	0.001	0.001	0.833
0.001	0.001	0.997	0.001
>DRARBHATKY	9-DRARBHATKY	4.998329	-293.912219	0	T:3582.0(54.50%),B:17014.2(39.76%),P:1e-127	Tpos:212.1,Tstd:164.2,Bpos:185.1,Bstd:116.9,StrandBias:0.1,Multiplicity:1.35
0.313	0.050	0.346	0.290
0.483	0.026	0.451	0.040
0.772	0.048	0.095	0.085
0.504	0.027	0.450	0.019
0.058	0.356	0.320	0.266
0.342	0.310	0.014	0.334
0.735	0.091	0.092	0.082
0.069	0.117	0.062	0.752
0.030	0.023	0.492	0.455
0.055	0.506	0.055	0.384
>TGABGTCAYN	10-TGABGTCAYN	5.902906	-264.361050	0	T:1379.0(20.98%),B:4785.8(11.18%),P:1e-114	Tpos:208.3,Tstd:141.2,Bpos:186.7,Bstd:123.1,StrandBias:0.0,Multiplicity:1.11
0.106	0.084	0.057	0.753
0.167	0.019	0.571	0.243
0.647	0.124	0.116	0.113
0.121	0.345	0.254	0.280
0.259	0.229	0.421	0.091
0.130	0.081	0.058	0.731
0.183	0.618	0.137	0.062
0.765	0.076	0.016	0.143
0.050	0.334	0.160	0.456
0.231	0.259	0.210	0.299
>WGCATTCCTV	11-WGCATTCCTV	7.371410	-213.592496	0	T:1350.0(20.54%),B:4998.4(11.68%),P:1e-92	Tpos:214.5,Tstd:154.7,Bpos:187.5,Bstd:120.2,StrandBias:-0.1,Multiplicity:1.07
0.383	0.152	0.148	0.317
0.001	0.058	0.763	0.178
0.001	0.850	0.148	0.001
0.826	0.030	0.043	0.101
0.108	0.004	0.048	0.840
0.001	0.020	0.075	0.904
0.102	0.708	0.015	0.175
0.058	0.687	0.009	0.246
0.005	0.012	0.075	0.908
0.258	0.238	0.353	0.150
>NVAAATATKT	12-NVAAATATKT	6.869334	-202.165886	0	T:1809.0(27.52%),B:7522.1(17.58%),P:1e-87	Tpos:207.0,Tstd:155.9,Bpos:187.9,Bstd:113.8,StrandBias:0.0,Multiplicity:1.22
0.281	0.246	0.286	0.187
0.339	0.225	0.343	0.094
0.997	0.001	0.001	0.001
0.877	0.121	0.001	0.001
0.519	0.112	0.341	0.028
0.275	0.036	0.001	0.688
0.828	0.001	0.090	0.081
0.032	0.152	0.056	0.760
0.001	0.001	0.436	0.562
0.001	0.001	0.001	0.997
>CYSTGGGAAM	13-CYSTGGGAAM	7.356124	-174.948949	0	T:1605.0(24.42%),B:6671.1(15.59%),P:1e-75	Tpos:218.5,Tstd:164.5,Bpos:185.3,Bstd:114.8,StrandBias:-0.0,Multiplicity:1.18
0.042	0.672	0.081	0.205
0.038	0.461	0.071	0.430
0.221	0.385	0.333	0.062
0.064	0.001	0.001	0.934
0.001	0.001	0.997	0.001
0.082	0.001	0.843	0.074
0.132	0.056	0.719	0.093
0.909	0.001	0.089	0.001
0.909	0.001	0.089	0.001
0.418	0.415	0.088	0.079
>CTAAAAATAG	14-CTAAAAATAG	7.933934	-149.542121	0	T:651.0(9.90%),B:2049.6(4.79%),P:1e-64	Tpos:206.0,Tstd:143.9,Bpos:188.3,Bstd:112.1,StrandBias:-0.2,Multiplicity:1.06
0.035	0.832	0.090	0.043
0.048	0.209	0.033	0.710
0.741	0.075	0.062	0.122
0.633	0.031	0.085	0.251
0.875	0.024	0.032	0.069
0.865	0.063	0.025	0.047
0.902	0.022	0.029	0.047
0.023	0.059	0.034	0.884
0.883	0.057	0.027	0.033
0.174	0.065	0.681	0.080
>TCAKCCCACA	15-TCAKCCCACA	6.978963	-118.515281	0	T:727.0(11.06%),B:2612.5(6.11%),P:1e-51	Tpos:213.3,Tstd:152.6,Bpos:186.9,Bstd:115.4,StrandBias:0.1,Multiplicity:1.06
0.359	0.063	0.025	0.553
0.078	0.625	0.027	0.270
0.447	0.231	0.183	0.139
0.016	0.045	0.486	0.453
0.209	0.412	0.247	0.132
0.081	0.738	0.161	0.020
0.190	0.673	0.123	0.014
0.916	0.017	0.039	0.028
0.238	0.459	0.270	0.033
0.584	0.050	0.328	0.038
>TTTGGCAAGW	16-TTTGGCAAGW	7.357834	-117.883163	0	T:1283.0(19.52%),B:5507.7(12.87%),P:1e-51	Tpos:221.1,Tstd:158.4,Bpos:185.7,Bstd:116.1,StrandBias:0.0,Multiplicity:1.08
0.001	0.025	0.001	0.973
0.001	0.144	0.023	0.832
0.365	0.001	0.001	0.633
0.301	0.001	0.697	0.001
0.001	0.001	0.997	0.001
0.306	0.609	0.001	0.084
0.606	0.271	0.001	0.122
0.494	0.001	0.168	0.337
0.001	0.288	0.544	0.167
0.396	0.091	0.080	0.433
>WRACASACTG	17-WRACASACTG	7.775312	-102.126765	0	T:1069.0(16.26%),B:4521.9(10.57%),P:1e-44	Tpos:211.3,Tstd:157.1,Bpos:187.5,Bstd:121.0,StrandBias:0.1,Multiplicity:1.09
0.518	0.043	0.001	0.438
0.445	0.001	0.433	0.120
0.552	0.104	0.281	0.063
0.102	0.807	0.001	0.090
0.799	0.025	0.001	0.175
0.001	0.480	0.395	0.123
0.536	0.001	0.156	0.307
0.001	0.997	0.001	0.001
0.079	0.013	0.006	0.902
0.001	0.001	0.980	0.018
>RSAGTCATMA	18-RSAGTCATMA	7.044667	-94.737877	0	T:856.0(13.02%),B:3469.4(8.11%),P:1e-41	Tpos:228.3,Tstd:167.5,Bpos:186.0,Bstd:123.3,StrandBias:-0.2,Multiplicity:1.11
0.471	0.110	0.419	0.001
0.001	0.355	0.482	0.162
0.997	0.001	0.001	0.001
0.001	0.001	0.997	0.001
0.001	0.001	0.001	0.997
0.001	0.997	0.001	0.001
0.997	0.001	0.001	0.001
0.001	0.031	0.058	0.910
0.554	0.444	0.001	0.001
0.509	0.234	0.241	0.016
>KGSMTTSCTA	19-KGSMTTSCTA	7.783420	-89.953809	0	T:670.0(10.19%),B:2559.9(5.98%),P:1e-39	Tpos:216.4,Tstd:169.9,Bpos:190.8,Bstd:111.4,StrandBias:0.1,Multiplicity:1.03
0.146	0.065	0.394	0.396
0.039	0.164	0.790	0.007
0.167	0.433	0.362	0.038
0.407	0.263	0.157	0.174
0.001	0.001	0.036	0.962
0.004	0.001	0.001	0.994
0.163	0.426	0.397	0.014
0.063	0.915	0.001	0.021
0.001	0.001	0.050	0.948
0.590	0.233	0.092	0.085
>ACWGGAARTC	20-ACWGGAARTC	8.175859	-53.156826	0	T:724.0(11.01%),B:3230.8(7.55%),P:1e-23	Tpos:207.2,Tstd:160.2,Bpos:183.5,Bstd:117.2,StrandBias:0.1,Multiplicity:1.05
0.665	0.001	0.333	0.001
0.001	0.997	0.001	0.001
0.364	0.001	0.176	0.458
0.123	0.001	0.875	0.001
0.141	0.229	0.544	0.086
0.945	0.001	0.001	0.053
0.954	0.044	0.001	0.001
0.433	0.001	0.309	0.256
0.001	0.001	0.040	0.958
0.096	0.431	0.197	0.276
>DGAVWGCWGA	21-DGAVWGCWGA	5.964573	-46.647463	0	T:1106.0(16.83%),B:5485.3(12.82%),P:1e-20	Tpos:212.6,Tstd:156.7,Bpos:186.7,Bstd:121.6,StrandBias:-0.1,Multiplicity:1.11
0.324	0.077	0.268	0.331
0.162	0.163	0.521	0.154
0.693	0.013	0.110	0.184
0.298	0.288	0.318	0.095
0.407	0.071	0.094	0.427
0.099	0.047	0.634	0.220
0.087	0.614	0.223	0.076
0.448	0.181	0.061	0.310
0.348	0.062	0.544	0.046
0.482	0.318	0.087	0.114
>ATCGGTCAGG	22-ATCGGTCAGG	11.636680	-27.732567	0	T:21.0(0.32%),B:17.5(0.04%),P:1e-12	Tpos:186.8,Tstd:108.7,Bpos:254.8,Bstd:108.2,StrandBias:-0.3,Multiplicity:1.00
0.997	0.001	0.001	0.001
0.001	0.271	0.001	0.727
0.001	0.997	0.001	0.001
0.001	0.001	0.997	0.001
0.001	0.001	0.997	0.001
0.001	0.097	0.001	0.901
0.001	0.997	0.001	0.001
0.727	0.001	0.001	0.271
0.001	0.001	0.849	0.149
0.001	0.271	0.727	0.001
>TTGRGCCAAG	23-TTGRGCCAAG	6.144196	-26.158608	0	T:175.0(2.66%),B:650.2(1.52%),P:1e-11	Tpos:218.8,Tstd:143.9,Bpos:188.3,Bstd:108.7,StrandBias:-0.0,Multiplicity:1.10
0.001	0.001	0.001	0.997
0.001	0.001	0.001	0.997
0.001	0.001	0.717	0.281
0.445	0.001	0.553	0.001
0.001	0.001	0.997	0.001
0.001	0.997	0.001	0.001
0.001	0.997	0.001	0.001
0.997	0.001	0.001	0.001
0.912	0.086	0.001	0.001
0.293	0.013	0.692	0.002
>ASTSGGTGCA	24-ASTSGGTGCA	10.165757	-13.487868	0	T:73.0(1.11%),B:259.6(0.61%),P:1e-5	Tpos:179.6,Tstd:104.2,Bpos:184.4,Bstd:120.6,StrandBias:1.0,Multiplicity:1.46
0.951	0.047	0.001	0.001
0.001	0.553	0.445	0.001
0.001	0.001	0.001	0.997
0.001	0.562	0.436	0.001
0.217	0.069	0.713	0.001
0.068	0.001	0.930	0.001
0.001	0.117	0.069	0.813
0.117	0.217	0.665	0.001
0.001	0.997	0.001	0.001
0.997	0.001	0.001	0.001
>CGTGAGCACC	25-CGTGAGCACC	5.336602	-3.567011	0	T:207.0(3.15%),B:1177.9(2.75%),P:1e-1	Tpos:221.5,Tstd:166.3,Bpos:187.2,Bstd:121.2,StrandBias:-0.3,Multiplicity:1.22
0.001	0.997	0.001	0.001
0.001	0.001	0.997	0.001
0.001	0.001	0.001	0.997
0.001	0.001	0.997	0.001
0.997	0.001	0.001	0.001
0.001	0.001	0.997	0.001
0.001	0.997	0.001	0.001
0.997	0.001	0.001	0.001
0.001	0.795	0.203	0.001
0.001	0.997	0.001	0.001
