>ATGAGTCA	1-ATGAGTCA	5.716121	-4239.836560	0	T:4390.0(66.79%),B:6867.4(16.05%),P:1e-1841	Tpos:196.4,Tstd:129.1,Bpos:184.7,Bstd:125.5,StrandBias:0.0,Multiplicity:1.38
0.602	0.195	0.163	0.040
0.001	0.002	0.001	0.996
0.001	0.001	0.954	0.044
0.997	0.001	0.001	0.001
0.072	0.177	0.677	0.074
0.001	0.001	0.001	0.997
0.031	0.967	0.001	0.001
0.997	0.001	0.001	0.001
>MTGACTCR	2-MTGACTCR	5.573921	-3218.258828	0	T:3744.0(56.96%),B:6142.8(14.36%),P:1e-1397	Tpos:213.2,Tstd:160.0,Bpos:186.8,Bstd:120.6,StrandBias:0.0,Multiplicity:1.07
0.425	0.313	0.206	0.057
0.209	0.148	0.022	0.621
0.015	0.054	0.685	0.246
0.764	0.071	0.066	0.099
0.042	0.535	0.371	0.052
0.043	0.161	0.029	0.767
0.173	0.623	0.098	0.106
0.410	0.099	0.347	0.144
>ATGACGTA	3-ATGACGTA	5.477512	-1155.325897	0	T:4387.0(66.74%),B:16040.4(37.49%),P:1e-501	Tpos:213.0,Tstd:152.2,Bpos:185.8,Bstd:122.0,StrandBias:0.0,Multiplicity:1.38
0.544	0.151	0.294	0.011
0.090	0.001	0.008	0.901
0.041	0.060	0.874	0.025
0.838	0.050	0.001	0.111
0.001	0.559	0.129	0.311
0.113	0.028	0.626	0.233
0.115	0.312	0.001	0.572
0.516	0.324	0.116	0.044
>ACATTCCW	4-ACATTCCW	7.052418	-862.637792	0	T:2707.0(41.18%),B:8123.2(18.98%),P:1e-374	Tpos:211.1,Tstd:145.3,Bpos:187.7,Bstd:118.2,StrandBias:0.0,Multiplicity:1.27
0.528	0.004	0.352	0.116
0.149	0.787	0.059	0.005
0.967	0.001	0.009	0.023
0.016	0.001	0.030	0.953
0.112	0.001	0.010	0.877
0.021	0.962	0.006	0.011
0.001	0.820	0.007	0.172
0.375	0.042	0.106	0.476
>TGTGGTTT	5-TGTGGTTT	6.494746	-613.027847	0	T:2044.0(31.10%),B:6076.5(14.20%),P:1e-266	Tpos:213.3,Tstd:145.8,Bpos:185.9,Bstd:116.8,StrandBias:0.1,Multiplicity:1.22
0.001	0.023	0.001	0.975
0.001	0.001	0.997	0.001
0.001	0.018	0.001	0.980
0.001	0.001	0.997	0.001
0.001	0.001	0.997	0.001
0.001	0.096	0.001	0.902
0.001	0.114	0.001	0.884
0.200	0.071	0.001	0.728
>TGWGGTCW	6-TGWGGTCW	6.543363	-547.681948	0	T:2246.0(34.17%),B:7391.8(17.27%),P:1e-237	Tpos:208.6,Tstd:148.6,Bpos:184.9,Bstd:117.8,StrandBias:0.0,Multiplicity:1.08
0.093	0.093	0.001	0.813
0.001	0.028	0.923	0.048
0.394	0.164	0.001	0.442
0.115	0.001	0.883	0.001
0.010	0.092	0.897	0.001
0.001	0.043	0.001	0.955
0.001	0.622	0.083	0.294
0.509	0.028	0.036	0.427
>ARGAATKT	7-ARGAATKT	5.832248	-427.595714	0	T:4443.0(67.59%),B:21322.2(49.83%),P:1e-185	Tpos:208.5,Tstd:153.6,Bpos:187.3,Bstd:114.5,StrandBias:-0.0,Multiplicity:1.53
0.716	0.070	0.097	0.117
0.500	0.001	0.498	0.001
0.224	0.162	0.613	0.001
0.595	0.001	0.001	0.403
0.997	0.001	0.001	0.001
0.001	0.001	0.001	0.997
0.001	0.055	0.535	0.409
0.069	0.250	0.001	0.680
>ATTACTCA	8-ATTACTCA	7.341348	-307.628261	0	T:1128.0(17.16%),B:3351.3(7.83%),P:1e-133	Tpos:208.3,Tstd:142.7,Bpos:190.0,Bstd:121.1,StrandBias:0.0,Multiplicity:1.09
0.766	0.104	0.129	0.001
0.001	0.001	0.001	0.997
0.024	0.001	0.001	0.974
0.838	0.001	0.134	0.027
0.064	0.913	0.001	0.022
0.069	0.018	0.001	0.912
0.046	0.952	0.001	0.001
0.986	0.001	0.012	0.001
>TTCCCACA	9-TTCCCACA	8.093682	-175.189166	0	T:1154.0(17.56%),B:4300.5(10.05%),P:1e-76	Tpos:222.3,Tstd:166.5,Bpos:188.6,Bstd:114.8,StrandBias:0.0,Multiplicity:1.12
0.001	0.133	0.012	0.854
0.001	0.001	0.001	0.997
0.133	0.819	0.001	0.047
0.001	0.975	0.005	0.019
0.001	0.966	0.001	0.032
0.976	0.001	0.022	0.001
0.001	0.764	0.216	0.019
0.896	0.001	0.102	0.001
>WGGAATCC	10-WGGAATCC	7.009318	-123.213332	0	T:956.0(14.54%),B:3722.0(8.70%),P:1e-53	Tpos:219.2,Tstd:149.7,Bpos:185.8,Bstd:118.7,StrandBias:-0.1,Multiplicity:1.08
0.392	0.114	0.035	0.459
0.122	0.087	0.790	0.001
0.001	0.066	0.829	0.104
0.917	0.001	0.069	0.013
0.666	0.016	0.023	0.295
0.044	0.047	0.052	0.857
0.020	0.756	0.009	0.215
0.018	0.800	0.040	0.142
>TGSTATKC	11-TGSTATKC	6.859656	-113.971747	0	T:2181.0(33.18%),B:10692.3(24.99%),P:1e-49	Tpos:216.0,Tstd:161.0,Bpos:185.3,Bstd:118.7,StrandBias:0.1,Multiplicity:1.17
0.379	0.007	0.001	0.613
0.001	0.001	0.997	0.001
0.001	0.357	0.428	0.214
0.001	0.001	0.001	0.997
0.997	0.001	0.001	0.001
0.001	0.001	0.001	0.997
0.001	0.001	0.429	0.569
0.001	0.575	0.001	0.423
>WGCCAAAA	12-WGCCAAAA	2.897463	-112.848412	0	T:2222.0(33.80%),B:10953.6(25.60%),P:1e-49	Tpos:213.3,Tstd:158.0,Bpos:186.1,Bstd:116.9,StrandBias:-0.1,Multiplicity:1.25
0.480	0.001	0.110	0.409
0.001	0.001	0.997	0.001
0.001	0.997	0.001	0.001
0.001	0.997	0.001	0.001
0.997	0.001	0.001	0.001
0.997	0.001	0.001	0.001
0.585	0.001	0.413	0.001
0.552	0.327	0.001	0.120
>GCCTGCGG	13-GCCTGCGG	5.675466	-106.861247	0	T:2821.0(42.92%),B:14699.9(34.35%),P:1e-46	Tpos:224.8,Tstd:163.7,Bpos:185.9,Bstd:115.8,StrandBias:0.0,Multiplicity:1.40
0.028	0.118	0.790	0.064
0.025	0.806	0.045	0.124
0.028	0.837	0.037	0.098
0.148	0.030	0.064	0.758
0.056	0.152	0.733	0.059
0.147	0.489	0.162	0.203
0.047	0.042	0.833	0.078
0.155	0.060	0.759	0.026
>ACAGTCTG	14-ACAGTCTG	6.591205	-100.041662	0	T:1810.0(27.54%),B:8713.3(20.36%),P:1e-43	Tpos:214.9,Tstd:158.2,Bpos:187.8,Bstd:119.9,StrandBias:-0.0,Multiplicity:1.17
0.920	0.001	0.078	0.001
0.001	0.888	0.001	0.110
0.915	0.033	0.026	0.026
0.015	0.062	0.760	0.163
0.077	0.072	0.067	0.784
0.019	0.934	0.046	0.001
0.001	0.010	0.001	0.988
0.046	0.001	0.952	0.001
>AAATATGM	15-AAATATGM	8.507623	-76.518207	0	T:610.0(9.28%),B:2375.7(5.55%),P:1e-33	Tpos:219.1,Tstd:160.0,Bpos:187.2,Bstd:121.9,StrandBias:0.2,Multiplicity:1.04
0.997	0.001	0.001	0.001
0.997	0.001	0.001	0.001
0.507	0.146	0.346	0.001
0.001	0.001	0.001	0.997
0.997	0.001	0.001	0.001
0.001	0.001	0.001	0.997
0.001	0.001	0.997	0.001
0.471	0.527	0.001	0.001
>CGTTGCTA	16-CGTTGCTA	4.514386	-61.132991	0	T:1005.0(15.29%),B:4676.9(10.93%),P:1e-26	Tpos:219.0,Tstd:163.0,Bpos:188.2,Bstd:117.7,StrandBias:0.1,Multiplicity:1.11
0.069	0.625	0.199	0.107
0.180	0.020	0.655	0.145
0.070	0.211	0.166	0.553
0.208	0.071	0.233	0.487
0.221	0.187	0.480	0.112
0.165	0.615	0.108	0.112
0.147	0.120	0.163	0.570
0.483	0.217	0.143	0.157
>GCCAGACA	17-GCCAGACA	7.960036	-56.452644	0	T:549.0(8.35%),B:2257.6(5.28%),P:1e-24	Tpos:234.4,Tstd:169.7,Bpos:188.9,Bstd:113.6,StrandBias:0.1,Multiplicity:1.07
0.001	0.001	0.763	0.235
0.001	0.997	0.001	0.001
0.001	0.997	0.001	0.001
0.932	0.001	0.066	0.001
0.001	0.001	0.997	0.001
0.997	0.001	0.001	0.001
0.001	0.997	0.001	0.001
0.881	0.117	0.001	0.001
>ATBTGTCA	18-ATBTGTCA	7.800307	-52.783561	0	T:871.0(13.25%),B:4047.4(9.46%),P:1e-22	Tpos:214.7,Tstd:155.9,Bpos:184.7,Bstd:121.3,StrandBias:0.3,Multiplicity:1.08
0.972	0.001	0.001	0.026
0.001	0.193	0.001	0.805
0.001	0.298	0.334	0.367
0.001	0.001	0.298	0.700
0.001	0.032	0.966	0.001
0.001	0.001	0.001	0.997
0.001	0.997	0.001	0.001
0.746	0.001	0.060	0.193
>TCCCACGG	19-TCCCACGG	6.781025	-47.209850	0	T:970.0(14.76%),B:4693.6(10.97%),P:1e-20	Tpos:217.8,Tstd:164.7,Bpos:185.1,Bstd:112.8,StrandBias:-0.1,Multiplicity:1.10
0.063	0.038	0.028	0.871
0.024	0.933	0.024	0.019
0.001	0.952	0.001	0.046
0.001	0.997	0.001	0.001
0.916	0.028	0.001	0.055
0.144	0.540	0.147	0.169
0.001	0.068	0.851	0.080
0.001	0.049	0.949	0.001
>CATCTGGA	20-CATCTGGA	7.197021	-46.539271	0	T:534.0(8.12%),B:2288.5(5.35%),P:1e-20	Tpos:208.6,Tstd:145.0,Bpos:188.7,Bstd:116.1,StrandBias:-0.0,Multiplicity:1.04
0.001	0.997	0.001	0.001
0.997	0.001	0.001	0.001
0.001	0.001	0.001	0.997
0.001	0.997	0.001	0.001
0.001	0.039	0.001	0.959
0.001	0.001	0.997	0.001
0.001	0.001	0.997	0.001
0.532	0.231	0.001	0.236
>TATTTTTA	21-TATTTTTA	8.236954	-45.342976	0	T:433.0(6.59%),B:1771.0(4.14%),P:1e-19	Tpos:212.7,Tstd:147.5,Bpos:183.7,Bstd:108.1,StrandBias:0.1,Multiplicity:1.05
0.100	0.100	0.100	0.700
0.700	0.100	0.100	0.100
0.100	0.100	0.100	0.700
0.100	0.100	0.100	0.700
0.100	0.100	0.100	0.700
0.100	0.100	0.100	0.700
0.100	0.100	0.100	0.700
0.700	0.100	0.100	0.100
>TGGTATGA	22-TGGTATGA	8.942164	-43.886668	0	T:150.0(2.28%),B:423.2(0.99%),P:1e-19	Tpos:184.2,Tstd:131.9,Bpos:180.1,Bstd:119.9,StrandBias:-0.1,Multiplicity:1.02
0.001	0.126	0.001	0.872
0.001	0.001	0.997	0.001
0.001	0.001	0.997	0.001
0.001	0.001	0.001	0.997
0.997	0.001	0.001	0.001
0.001	0.055	0.001	0.943
0.001	0.001	0.997	0.001
0.997	0.001	0.001	0.001
>TATGACTG	23-TATGACTG	8.905539	-42.001495	0	T:386.0(5.87%),B:1563.8(3.65%),P:1e-18	Tpos:208.5,Tstd:147.1,Bpos:186.8,Bstd:127.0,StrandBias:0.1,Multiplicity:1.04
0.001	0.001	0.259	0.739
0.997	0.001	0.001	0.001
0.001	0.001	0.001	0.997
0.001	0.001	0.997	0.001
0.997	0.001	0.001	0.001
0.001	0.843	0.001	0.155
0.001	0.001	0.001	0.997
0.001	0.001	0.997	0.001
>AGTGGTTT	24-AGTGGTTT	8.236954	-27.324553	0	T:166.0(2.53%),B:597.8(1.40%),P:1e-11	Tpos:221.3,Tstd:168.8,Bpos:184.1,Bstd:117.6,StrandBias:0.0,Multiplicity:1.01
0.700	0.100	0.100	0.100
0.100	0.100	0.700	0.100
0.100	0.100	0.100	0.700
0.100	0.100	0.700	0.100
0.100	0.100	0.700	0.100
0.100	0.100	0.100	0.700
0.100	0.100	0.100	0.700
0.100	0.100	0.100	0.700
>CGTGAGCA	25-CGTGAGCA	8.236954	-3.641827	0	T:44.0(0.67%),B:209.3(0.49%),P:1e-1	Tpos:219.2,Tstd:167.2,Bpos:193.6,Bstd:130.6,StrandBias:-1.3,Multiplicity:2.03
0.100	0.700	0.100	0.100
0.100	0.100	0.700	0.100
0.100	0.100	0.100	0.700
0.100	0.100	0.700	0.100
0.700	0.100	0.100	0.100
0.100	0.100	0.700	0.100
0.100	0.700	0.100	0.100
0.700	0.100	0.100	0.100
