>NNNVTGASTCAY	1-NNNVTGASTCAY	7.331933	-4637.063447	0	T:3959.0(60.23%),B:4698.0(10.98%),P:1e-2013	Tpos:195.1,Tstd:123.9,Bpos:185.1,Bstd:124.4,StrandBias:-0.0,Multiplicity:1.29
0.237	0.216	0.259	0.287
0.228	0.267	0.219	0.286
0.241	0.199	0.291	0.269
0.368	0.234	0.289	0.109
0.001	0.001	0.001	0.997
0.001	0.001	0.764	0.234
0.996	0.001	0.001	0.002
0.139	0.348	0.345	0.168
0.003	0.001	0.001	0.995
0.242	0.756	0.001	0.001
0.997	0.001	0.001	0.001
0.097	0.272	0.231	0.399
>NDRCATTCCADN	2-NDRCATTCCADN	6.739208	-764.860171	0	T:2373.0(36.10%),B:6941.5(16.22%),P:1e-332	Tpos:214.3,Tstd:147.4,Bpos:186.4,Bstd:117.6,StrandBias:0.0,Multiplicity:1.18
0.256	0.230	0.231	0.283
0.317	0.167	0.203	0.312
0.465	0.052	0.394	0.089
0.210	0.691	0.070	0.029
0.887	0.039	0.018	0.056
0.027	0.044	0.033	0.896
0.104	0.032	0.048	0.816
0.043	0.860	0.048	0.049
0.022	0.929	0.011	0.038
0.668	0.042	0.046	0.244
0.265	0.137	0.342	0.256
0.303	0.197	0.247	0.252
>GTGACTAAGCAH	3-GTGACTAAGCAH	7.255211	-680.657295	0	T:1981.0(30.14%),B:5485.6(12.82%),P:1e-295	Tpos:216.3,Tstd:163.3,Bpos:188.7,Bstd:121.6,StrandBias:-0.1,Multiplicity:1.13
0.218	0.221	0.383	0.178
0.098	0.001	0.002	0.899
0.008	0.078	0.835	0.079
0.882	0.017	0.022	0.079
0.012	0.906	0.075	0.007
0.159	0.111	0.001	0.729
0.583	0.209	0.127	0.081
0.822	0.001	0.014	0.163
0.198	0.100	0.695	0.007
0.206	0.718	0.019	0.057
0.623	0.133	0.001	0.243
0.231	0.353	0.199	0.217
>WTTYCTGTGGTT	4-WTTYCTGTGGTT	7.640882	-530.428696	0	T:1887.0(28.71%),B:5733.1(13.40%),P:1e-230	Tpos:216.9,Tstd:148.1,Bpos:186.2,Bstd:112.9,StrandBias:0.1,Multiplicity:1.17
0.373	0.140	0.200	0.287
0.210	0.122	0.137	0.531
0.202	0.133	0.225	0.439
0.020	0.438	0.181	0.361
0.001	0.594	0.001	0.404
0.051	0.001	0.001	0.947
0.001	0.004	0.994	0.001
0.001	0.001	0.001	0.997
0.001	0.001	0.997	0.001
0.001	0.001	0.997	0.001
0.004	0.173	0.057	0.766
0.041	0.257	0.140	0.562
>AAACCACATTCC	5-AAACCACATTCC	6.760856	-332.042045	0	T:1992.0(30.31%),B:7437.1(17.38%),P:1e-144	Tpos:211.0,Tstd:154.0,Bpos:186.6,Bstd:116.5,StrandBias:-0.0,Multiplicity:1.22
0.452	0.187	0.117	0.243
0.503	0.154	0.156	0.187
0.502	0.098	0.267	0.133
0.225	0.584	0.080	0.111
0.217	0.728	0.005	0.050
0.911	0.017	0.007	0.065
0.110	0.728	0.140	0.022
0.961	0.003	0.001	0.035
0.159	0.063	0.238	0.540
0.189	0.096	0.157	0.558
0.055	0.608	0.133	0.204
0.110	0.601	0.019	0.270
>ATGABVTCATYN	6-ATGABVTCATYN	7.866371	-256.711979	0	T:978.0(14.88%),B:2938.3(6.87%),P:1e-111	Tpos:210.3,Tstd:137.2,Bpos:186.8,Bstd:122.8,StrandBias:0.0,Multiplicity:1.09
0.487	0.233	0.240	0.040
0.013	0.003	0.040	0.944
0.001	0.001	0.927	0.071
0.893	0.059	0.001	0.047
0.142	0.329	0.280	0.248
0.290	0.323	0.290	0.096
0.152	0.001	0.007	0.840
0.140	0.858	0.001	0.001
0.997	0.001	0.001	0.001
0.001	0.267	0.223	0.509
0.178	0.343	0.169	0.310
0.260	0.307	0.174	0.260
>GTTTNYYTTGGC	7-GTTTNYYTTGGC	9.385904	-216.988962	0	T:434.0(6.60%),B:883.3(2.06%),P:1e-94	Tpos:210.4,Tstd:141.4,Bpos:191.0,Bstd:110.9,StrandBias:0.1,Multiplicity:1.04
0.165	0.076	0.758	0.001
0.020	0.165	0.001	0.814
0.001	0.001	0.173	0.825
0.066	0.001	0.251	0.682
0.309	0.170	0.214	0.307
0.075	0.364	0.053	0.508
0.001	0.494	0.080	0.425
0.001	0.150	0.001	0.848
0.001	0.001	0.001	0.997
0.001	0.001	0.919	0.079
0.001	0.011	0.987	0.001
0.320	0.639	0.040	0.001
>GCTATTTTTAGM	8-GCTATTTTTAGM	9.017138	-192.036596	0	T:473.0(7.20%),B:1106.6(2.59%),P:1e-83	Tpos:204.8,Tstd:130.5,Bpos:188.6,Bstd:111.8,StrandBias:0.2,Multiplicity:1.04
0.156	0.061	0.646	0.137
0.041	0.732	0.020	0.207
0.001	0.040	0.001	0.958
0.958	0.001	0.040	0.001
0.001	0.001	0.019	0.979
0.144	0.001	0.001	0.854
0.001	0.040	0.001	0.958
0.355	0.001	0.001	0.643
0.306	0.020	0.001	0.673
0.687	0.001	0.272	0.040
0.201	0.001	0.621	0.177
0.319	0.371	0.152	0.159
>GMDTTAGTCAGC	9-GMDTTAGTCAGC	9.292794	-166.270142	0	T:273.0(4.15%),B:476.1(1.11%),P:1e-72	Tpos:177.2,Tstd:107.2,Bpos:189.0,Bstd:120.8,StrandBias:-0.3,Multiplicity:1.02
0.118	0.352	0.511	0.019
0.418	0.387	0.001	0.194
0.277	0.001	0.312	0.410
0.001	0.113	0.001	0.885
0.037	0.054	0.001	0.908
0.997	0.001	0.001	0.001
0.001	0.293	0.705	0.001
0.181	0.001	0.001	0.817
0.001	0.944	0.037	0.018
0.997	0.001	0.001	0.001
0.129	0.165	0.631	0.075
0.158	0.725	0.001	0.116
>DCTCTGGGAAAK	10-DCTCTGGGAAAK	8.400370	-162.777710	0	T:1026.0(15.61%),B:3753.6(8.77%),P:1e-70	Tpos:221.3,Tstd:164.4,Bpos:187.6,Bstd:113.8,StrandBias:0.1,Multiplicity:1.10
0.293	0.069	0.312	0.326
0.068	0.501	0.173	0.258
0.069	0.235	0.001	0.695
0.001	0.748	0.241	0.010
0.009	0.001	0.001	0.989
0.001	0.001	0.993	0.005
0.161	0.001	0.820	0.018
0.135	0.012	0.852	0.001
0.881	0.007	0.111	0.001
0.990	0.001	0.006	0.003
0.588	0.106	0.135	0.171
0.204	0.153	0.354	0.289
>ATGATTTATGGC	11-ATGATTTATGGC	7.238722	-137.857456	0	T:479.0(7.29%),B:1354.5(3.17%),P:1e-59	Tpos:202.1,Tstd:150.0,Bpos:182.9,Bstd:117.5,StrandBias:0.0,Multiplicity:1.03
0.753	0.104	0.072	0.071
0.087	0.024	0.097	0.792
0.093	0.083	0.746	0.078
0.763	0.075	0.070	0.092
0.103	0.102	0.077	0.718
0.062	0.081	0.099	0.758
0.093	0.080	0.097	0.730
0.726	0.105	0.088	0.081
0.081	0.023	0.087	0.809
0.122	0.022	0.754	0.102
0.110	0.066	0.723	0.101
0.092	0.730	0.080	0.098
>GGAAAAATATGT	12-GGAAAAATATGT	7.105920	-122.215116	0	T:1157.0(17.60%),B:4783.2(11.18%),P:1e-53	Tpos:208.3,Tstd:157.4,Bpos:188.1,Bstd:114.0,StrandBias:0.1,Multiplicity:1.10
0.232	0.001	0.656	0.111
0.109	0.047	0.783	0.061
0.701	0.001	0.161	0.137
0.743	0.055	0.139	0.063
0.997	0.001	0.001	0.001
0.866	0.094	0.001	0.039
0.855	0.031	0.113	0.001
0.126	0.061	0.010	0.803
0.886	0.044	0.069	0.001
0.001	0.001	0.001	0.997
0.009	0.001	0.906	0.084
0.092	0.144	0.001	0.763
>GGATAATGCTTT	13-GGATAATGCTTT	10.748958	-49.861060	0	T:16.0(0.24%),B:2.9(0.01%),P:1e-21	Tpos:163.3,Tstd:110.0,Bpos:153.4,Bstd:47.9,StrandBias:0.0,Multiplicity:1.00
0.001	0.001	0.997	0.001
0.001	0.001	0.997	0.001
0.997	0.001	0.001	0.001
0.001	0.001	0.001	0.997
0.997	0.001	0.001	0.001
0.997	0.001	0.001	0.001
0.001	0.055	0.001	0.943
0.001	0.001	0.997	0.001
0.001	0.997	0.001	0.001
0.001	0.001	0.001	0.997
0.055	0.001	0.001	0.943
0.055	0.001	0.001	0.943
>GAGCCAACKDCT	14-GAGCCAACKDCT	14.125931	-38.257607	0	T:11.0(0.17%),B:0.5(0.00%),P:1e-16	Tpos:164.7,Tstd:96.9,Bpos:350.0,Bstd:0.0,StrandBias:1.5,Multiplicity:1.36
0.001	0.001	0.997	0.001
0.997	0.001	0.001	0.001
0.001	0.287	0.711	0.001
0.001	0.997	0.001	0.001
0.001	0.997	0.001	0.001
0.997	0.001	0.001	0.001
0.997	0.001	0.001	0.001
0.001	0.711	0.287	0.001
0.001	0.001	0.574	0.424
0.424	0.001	0.287	0.287
0.001	0.997	0.001	0.001
0.001	0.001	0.001	0.997
>TTCTAGGACATG	15-TTCTAGGACATG	13.821861	-34.442066	0	T:12.0(0.18%),B:2.8(0.01%),P:1e-14	Tpos:171.3,Tstd:134.5,Bpos:181.9,Bstd:58.6,StrandBias:0.0,Multiplicity:1.00
0.001	0.001	0.001	0.997
0.001	0.001	0.062	0.936
0.001	0.997	0.001	0.001
0.001	0.001	0.001	0.997
0.997	0.001	0.001	0.001
0.001	0.001	0.997	0.001
0.001	0.001	0.997	0.001
0.997	0.001	0.001	0.001
0.001	0.997	0.001	0.001
0.997	0.001	0.001	0.001
0.001	0.001	0.001	0.997
0.001	0.001	0.997	0.001
>TGAGTTGGCTCA	16-TGAGTTGGCTCA	11.755693	-32.590775	0	T:15.0(0.23%),B:6.0(0.01%),P:1e-14	Tpos:187.0,Tstd:167.8,Bpos:265.8,Bstd:60.7,StrandBias:-0.8,Multiplicity:1.27
0.001	0.045	0.001	0.953
0.001	0.001	0.997	0.001
0.997	0.001	0.001	0.001
0.001	0.174	0.824	0.001
0.001	0.001	0.001	0.997
0.001	0.001	0.001	0.997
0.001	0.001	0.997	0.001
0.001	0.001	0.997	0.001
0.001	0.997	0.001	0.001
0.001	0.001	0.001	0.997
0.001	0.997	0.001	0.001
0.997	0.001	0.001	0.001
>GATTTGGCTCAG	17-GATTTGGCTCAG	13.855305	-29.613500	0	T:14.0(0.21%),B:5.6(0.01%),P:1e-12	Tpos:142.7,Tstd:88.5,Bpos:188.8,Bstd:166.4,StrandBias:-1.8,Multiplicity:1.29
0.180	0.001	0.818	0.001
0.997	0.001	0.001	0.001
0.001	0.001	0.001	0.997
0.001	0.001	0.001	0.997
0.001	0.001	0.001	0.997
0.001	0.001	0.997	0.001
0.001	0.001	0.997	0.001
0.001	0.595	0.403	0.001
0.403	0.001	0.001	0.595
0.001	0.997	0.001	0.001
0.997	0.001	0.001	0.001
0.001	0.001	0.997	0.001
>TGCTGTCAATGG	18-TGCTGTCAATGG	12.355432	-21.775659	0	T:7.0(0.11%),B:0.6(0.00%),P:1e-9	Tpos:181.8,Tstd:121.0,Bpos:115.0,Bstd:0.0,StrandBias:10.0,Multiplicity:1.71
0.100	0.100	0.100	0.700
0.100	0.100	0.700	0.100
0.100	0.700	0.100	0.100
0.100	0.100	0.100	0.700
0.100	0.100	0.700	0.100
0.100	0.100	0.100	0.700
0.100	0.700	0.100	0.100
0.700	0.100	0.100	0.100
0.700	0.100	0.100	0.100
0.100	0.100	0.100	0.700
0.100	0.100	0.700	0.100
0.100	0.100	0.700	0.100
>TTCCACCTGTGC	19-TTCCACCTGTGC	12.355432	-13.924886	0	T:6.0(0.09%),B:2.2(0.01%),P:1e-6	Tpos:144.3,Tstd:91.2,Bpos:227.2,Bstd:57.5,StrandBias:10.0,Multiplicity:3.00
0.100	0.100	0.100	0.700
0.100	0.100	0.100	0.700
0.100	0.700	0.100	0.100
0.100	0.700	0.100	0.100
0.700	0.100	0.100	0.100
0.100	0.700	0.100	0.100
0.100	0.700	0.100	0.100
0.100	0.100	0.100	0.700
0.100	0.100	0.700	0.100
0.100	0.100	0.100	0.700
0.100	0.100	0.700	0.100
0.100	0.700	0.100	0.100
>ACTGGGTTCACG	20-ACTGGGTTCACG	13.640424	-10.944714	0	T:5.0(0.08%),B:2.4(0.01%),P:1e-4	Tpos:174.4,Tstd:77.2,Bpos:209.7,Bstd:29.1,StrandBias:-0.2,Multiplicity:3.00
0.997	0.001	0.001	0.001
0.001	0.997	0.001	0.001
0.001	0.001	0.001	0.997
0.130	0.001	0.868	0.001
0.001	0.001	0.997	0.001
0.001	0.001	0.997	0.001
0.001	0.001	0.001	0.997
0.001	0.001	0.192	0.806
0.001	0.997	0.001	0.001
0.997	0.001	0.001	0.001
0.001	0.676	0.322	0.001
0.042	0.001	0.955	0.002
>GCTCCTGCTGAT	21-GCTCCTGCTGAT	12.355432	-10.026870	0	T:6.0(0.09%),B:4.9(0.01%),P:1e-4	Tpos:166.3,Tstd:104.6,Bpos:180.6,Bstd:89.7,StrandBias:10.0,Multiplicity:3.00
0.100	0.100	0.700	0.100
0.100	0.700	0.100	0.100
0.100	0.100	0.100	0.700
0.100	0.700	0.100	0.100
0.100	0.700	0.100	0.100
0.100	0.100	0.100	0.700
0.100	0.100	0.700	0.100
0.100	0.700	0.100	0.100
0.100	0.100	0.100	0.700
0.100	0.100	0.700	0.100
0.700	0.100	0.100	0.100
0.100	0.100	0.100	0.700
>ACCTAGAGTGTA	22-ACCTAGAGTGTA	13.855305	-9.044102	0	T:5.0(0.08%),B:3.7(0.01%),P:1e-3	Tpos:121.3,Tstd:64.1,Bpos:213.9,Bstd:89.0,StrandBias:3.6,Multiplicity:2.60
0.997	0.001	0.001	0.001
0.001	0.595	0.001	0.403
0.001	0.997	0.001	0.001
0.001	0.001	0.001	0.997
0.997	0.001	0.001	0.001
0.001	0.001	0.997	0.001
0.997	0.001	0.001	0.001
0.001	0.180	0.818	0.001
0.001	0.001	0.001	0.997
0.001	0.001	0.997	0.001
0.001	0.001	0.001	0.997
0.595	0.403	0.001	0.001
>GACACACTGCAA	23-GACACACTGCAA	13.593462	-8.143980	0	T:4.0(0.06%),B:2.9(0.01%),P:1e-3	Tpos:144.6,Tstd:68.0,Bpos:143.9,Bstd:84.9,StrandBias:2.5,Multiplicity:3.25
0.001	0.001	0.997	0.001
0.997	0.001	0.001	0.001
0.001	0.997	0.001	0.001
0.997	0.001	0.001	0.001
0.001	0.997	0.001	0.001
0.997	0.001	0.001	0.001
0.001	0.946	0.052	0.001
0.001	0.001	0.001	0.997
0.001	0.001	0.997	0.001
0.001	0.997	0.001	0.001
0.997	0.001	0.001	0.001
0.946	0.052	0.001	0.001
>GAGTCAGAGTCA	24-GAGTCAGAGTCA	13.095924	-3.731972	0	T:4.0(0.06%),B:7.6(0.02%),P:1e-1	Tpos:479.9,Tstd:95.2,Bpos:142.1,Bstd:87.8,StrandBias:-4.4,Multiplicity:14.33
0.001	0.001	0.997	0.001
0.968	0.001	0.001	0.030
0.001	0.001	0.997	0.001
0.001	0.001	0.001	0.997
0.001	0.997	0.001	0.001
0.997	0.001	0.001	0.001
0.001	0.001	0.997	0.001
0.997	0.001	0.001	0.001
0.001	0.001	0.997	0.001
0.001	0.001	0.001	0.997
0.001	0.997	0.001	0.001
0.997	0.001	0.001	0.001
>CACGGTGCTCAC	25-CACGGTGCTCAC	11.714366	-3.706599	0	T:3.0(0.05%),B:4.5(0.01%),P:1e-1	Tpos:186.7,Tstd:106.6,Bpos:289.9,Bstd:96.1,StrandBias:10.0,Multiplicity:14.33
0.001	0.997	0.001	0.001
0.997	0.001	0.001	0.001
0.001	0.997	0.001	0.001
0.001	0.001	0.997	0.001
0.001	0.315	0.683	0.001
0.001	0.001	0.001	0.997
0.001	0.011	0.987	0.001
0.001	0.997	0.001	0.001
0.001	0.001	0.001	0.997
0.001	0.997	0.001	0.001
0.997	0.001	0.001	0.001
0.001	0.997	0.001	0.001
