>TGASTCATCG	1-TGASTCATCG	7.052819	-1235.732490	0	T:1614.0(35.23%),B:3945.3(8.75%),P:1e-536	Tpos:285.4,Tstd:200.3,Bpos:228.5,Bstd:138.6,StrandBias:0.0,Multiplicity:1.17
0.032	0.033	0.035	0.900
0.044	0.038	0.839	0.079
0.881	0.040	0.032	0.047
0.082	0.455	0.378	0.085
0.052	0.032	0.041	0.875
0.098	0.838	0.031	0.033
0.905	0.033	0.032	0.030
0.070	0.266	0.178	0.486
0.218	0.401	0.149	0.232
0.161	0.261	0.418	0.160
>WGGGTGTGGC	2-WGGGTGTGGC	8.150269	-1078.097584	0	T:1727.0(37.70%),B:5091.5(11.29%),P:1e-468	Tpos:244.9,Tstd:172.9,Bpos:229.2,Bstd:134.8,StrandBias:-0.1,Multiplicity:1.31
0.439	0.037	0.101	0.422
0.076	0.009	0.903	0.012
0.001	0.007	0.991	0.001
0.001	0.001	0.993	0.005
0.113	0.045	0.002	0.840
0.007	0.003	0.980	0.010
0.030	0.019	0.232	0.719
0.075	0.026	0.884	0.015
0.080	0.048	0.702	0.170
0.103	0.549	0.063	0.285
>GMCMCGCCCT	3-GMCMCGCCCT	5.645973	-906.437594	0	T:3229.0(70.49%),B:17793.3(39.45%),P:1e-393	Tpos:290.3,Tstd:222.1,Bpos:226.5,Bstd:134.1,StrandBias:-0.0,Multiplicity:1.63
0.230	0.152	0.438	0.179
0.257	0.369	0.175	0.198
0.161	0.445	0.145	0.249
0.316	0.443	0.098	0.143
0.156	0.638	0.067	0.139
0.263	0.033	0.445	0.260
0.008	0.962	0.001	0.029
0.006	0.942	0.007	0.045
0.024	0.684	0.054	0.238
0.279	0.163	0.117	0.441
>ATTAYTCATH	4-ATTAYTCATH	7.983647	-581.401087	0	T:996.0(21.74%),B:2882.9(6.39%),P:1e-252	Tpos:250.3,Tstd:171.0,Bpos:227.9,Bstd:136.5,StrandBias:-0.2,Multiplicity:1.04
0.491	0.256	0.252	0.001
0.152	0.014	0.001	0.833
0.071	0.001	0.330	0.598
0.802	0.114	0.083	0.001
0.119	0.413	0.001	0.467
0.001	0.001	0.001	0.997
0.001	0.997	0.001	0.001
0.959	0.039	0.001	0.001
0.001	0.230	0.001	0.768
0.302	0.313	0.033	0.352
>GGGTGTTAGC	5-GGGTGTTAGC	5.296063	-434.995115	0	T:1610.0(35.15%),B:7709.0(17.09%),P:1e-188	Tpos:285.5,Tstd:225.1,Bpos:229.7,Bstd:136.3,StrandBias:-0.1,Multiplicity:1.18
0.001	0.001	0.997	0.001
0.001	0.001	0.997	0.001
0.001	0.001	0.997	0.001
0.148	0.137	0.001	0.714
0.001	0.001	0.997	0.001
0.001	0.001	0.231	0.767
0.157	0.001	0.255	0.587
0.424	0.054	0.261	0.261
0.084	0.012	0.698	0.206
0.001	0.997	0.001	0.001
>GTGACACACT	6-GTGACACACT	6.684022	-411.319828	0	T:1929.0(42.11%),B:10399.0(23.06%),P:1e-178	Tpos:264.8,Tstd:216.3,Bpos:228.1,Bstd:137.5,StrandBias:0.0,Multiplicity:1.18
0.248	0.001	0.749	0.002
0.088	0.001	0.001	0.910
0.001	0.047	0.931	0.021
0.716	0.068	0.001	0.215
0.055	0.890	0.001	0.054
0.518	0.001	0.118	0.363
0.003	0.757	0.123	0.117
0.517	0.337	0.026	0.120
0.236	0.394	0.181	0.188
0.255	0.159	0.001	0.585
>TATGCATAWB	7-TATGCATAWB	5.882698	-332.640568	0	T:1876.0(40.95%),B:10729.8(23.79%),P:1e-144	Tpos:253.6,Tstd:183.7,Bpos:228.6,Bstd:145.2,StrandBias:0.0,Multiplicity:1.34
0.203	0.201	0.064	0.532
0.623	0.074	0.049	0.254
0.091	0.025	0.006	0.878
0.087	0.029	0.632	0.252
0.235	0.697	0.009	0.059
0.760	0.015	0.022	0.203
0.286	0.042	0.063	0.609
0.622	0.067	0.174	0.137
0.278	0.168	0.180	0.374
0.144	0.299	0.233	0.324
>TGMATRACAA	8-TGMATRACAA	6.964656	-323.777213	0	T:1588.0(34.66%),B:8489.2(18.82%),P:1e-140	Tpos:277.9,Tstd:209.9,Bpos:227.9,Bstd:138.3,StrandBias:0.0,Multiplicity:1.21
0.249	0.161	0.081	0.509
0.105	0.263	0.565	0.067
0.443	0.456	0.001	0.099
0.809	0.166	0.001	0.024
0.001	0.001	0.001	0.997
0.422	0.167	0.282	0.129
0.997	0.001	0.001	0.001
0.081	0.564	0.131	0.224
0.997	0.001	0.001	0.001
0.588	0.219	0.192	0.001
>DACAAARGVA	9-DACAAARGVA	6.685897	-280.359582	0	T:1478.0(32.26%),B:8048.0(17.84%),P:1e-121	Tpos:270.7,Tstd:201.8,Bpos:229.7,Bstd:136.4,StrandBias:-0.1,Multiplicity:1.22
0.298	0.122	0.307	0.273
0.997	0.001	0.001	0.001
0.001	0.997	0.001	0.001
0.997	0.001	0.001	0.001
0.997	0.001	0.001	0.001
0.638	0.001	0.001	0.360
0.553	0.001	0.445	0.001
0.001	0.001	0.997	0.001
0.367	0.320	0.313	0.001
0.597	0.315	0.087	0.001
>NWTTHRCATN	10-NWTTHRCATN	6.007037	-225.911259	0	T:1961.0(42.81%),B:12723.9(28.21%),P:1e-98	Tpos:264.5,Tstd:207.3,Bpos:227.8,Bstd:139.5,StrandBias:-0.0,Multiplicity:1.30
0.263	0.267	0.303	0.167
0.442	0.115	0.050	0.393
0.069	0.044	0.068	0.819
0.019	0.261	0.048	0.672
0.283	0.317	0.013	0.387
0.353	0.225	0.404	0.019
0.104	0.769	0.053	0.074
0.797	0.050	0.100	0.053
0.111	0.109	0.057	0.723
0.278	0.261	0.228	0.233
>CSCCACCCAT	11-CSCCACCCAT	7.525703	-209.908709	0	T:736.0(16.07%),B:3235.4(7.17%),P:1e-91	Tpos:270.8,Tstd:218.7,Bpos:226.8,Bstd:132.6,StrandBias:0.4,Multiplicity:1.06
0.001	0.997	0.001	0.001
0.066	0.433	0.341	0.160
0.044	0.729	0.226	0.001
0.001	0.997	0.001	0.001
0.678	0.001	0.320	0.001
0.001	0.997	0.001	0.001
0.001	0.997	0.001	0.001
0.001	0.566	0.060	0.373
0.805	0.129	0.001	0.065
0.001	0.001	0.001	0.997
>ATGACTAATG	12-ATGACTAATG	5.757020	-170.895386	0	T:298.0(6.51%),B:831.3(1.84%),P:1e-74	Tpos:286.0,Tstd:209.2,Bpos:228.6,Bstd:136.4,StrandBias:0.2,Multiplicity:1.03
0.853	0.001	0.145	0.001
0.001	0.001	0.001	0.997
0.001	0.001	0.997	0.001
0.997	0.001	0.001	0.001
0.001	0.997	0.001	0.001
0.001	0.001	0.001	0.997
0.997	0.001	0.001	0.001
0.997	0.001	0.001	0.001
0.001	0.213	0.210	0.576
0.024	0.181	0.535	0.260
>BGCATTGTTH	13-BGCATTGTTH	6.956289	-148.151305	0	T:1387.0(30.28%),B:8890.0(19.71%),P:1e-64	Tpos:280.3,Tstd:213.5,Bpos:231.5,Bstd:137.7,StrandBias:-0.0,Multiplicity:1.18
0.146	0.278	0.273	0.303
0.131	0.040	0.631	0.198
0.083	0.835	0.010	0.072
0.715	0.008	0.001	0.276
0.013	0.017	0.036	0.934
0.030	0.026	0.012	0.932
0.029	0.243	0.702	0.026
0.001	0.007	0.014	0.978
0.043	0.088	0.121	0.748
0.263	0.303	0.121	0.313
>YTWTGAAAGG	14-YTWTGAAAGG	4.931995	-114.059769	0	T:673.0(14.69%),B:3644.9(8.08%),P:1e-49	Tpos:278.7,Tstd:213.9,Bpos:232.6,Bstd:139.0,StrandBias:-0.1,Multiplicity:1.09
0.211	0.344	0.001	0.444
0.001	0.001	0.001	0.997
0.398	0.001	0.240	0.361
0.001	0.001	0.001	0.997
0.001	0.001	0.997	0.001
0.997	0.001	0.001	0.001
0.997	0.001	0.001	0.001
0.752	0.001	0.001	0.246
0.001	0.001	0.997	0.001
0.077	0.176	0.746	0.001
>GNAAKGAATD	15-GNAAKGAATD	6.660464	-99.368932	0	T:1808.0(39.47%),B:13465.0(29.85%),P:1e-43	Tpos:260.0,Tstd:205.8,Bpos:226.9,Bstd:140.3,StrandBias:-0.0,Multiplicity:1.27
0.333	0.126	0.540	0.001
0.220	0.182	0.317	0.281
0.486	0.261	0.187	0.067
0.557	0.222	0.001	0.220
0.040	0.023	0.533	0.404
0.001	0.001	0.997	0.001
0.997	0.001	0.001	0.001
0.899	0.099	0.001	0.001
0.001	0.001	0.001	0.997
0.350	0.105	0.336	0.209
>AAACCACAGS	16-AAACCACAGS	9.391928	-92.940864	0	T:203.0(4.43%),B:666.7(1.48%),P:1e-40	Tpos:261.5,Tstd:214.1,Bpos:229.5,Bstd:135.5,StrandBias:-0.3,Multiplicity:1.01
0.639	0.056	0.001	0.304
0.776	0.014	0.001	0.209
0.986	0.001	0.012	0.001
0.001	0.970	0.025	0.004
0.001	0.994	0.001	0.004
0.589	0.001	0.409	0.001
0.001	0.920	0.001	0.078
0.787	0.075	0.078	0.060
0.216	0.001	0.751	0.032
0.022	0.405	0.541	0.032
>ACHATTGTAA	17-ACHATTGTAA	8.673204	-88.657544	0	T:269.0(5.87%),B:1076.4(2.39%),P:1e-38	Tpos:239.4,Tstd:180.6,Bpos:222.5,Bstd:135.9,StrandBias:-0.0,Multiplicity:1.01
0.656	0.001	0.278	0.065
0.001	0.843	0.155	0.001
0.381	0.352	0.001	0.266
0.997	0.001	0.001	0.001
0.001	0.001	0.001	0.997
0.142	0.001	0.001	0.856
0.001	0.001	0.997	0.001
0.001	0.001	0.035	0.963
0.725	0.001	0.001	0.273
0.715	0.283	0.001	0.001
>AGCCCAGCCC	18-AGCCCAGCCC	3.811486	-84.746049	0	T:977.0(21.33%),B:6462.9(14.33%),P:1e-36	Tpos:290.6,Tstd:218.5,Bpos:226.6,Bstd:138.5,StrandBias:0.0,Multiplicity:1.40
0.997	0.001	0.001	0.001
0.001	0.001	0.997	0.001
0.001	0.997	0.001	0.001
0.001	0.944	0.001	0.054
0.001	0.997	0.001	0.001
0.997	0.001	0.001	0.001
0.048	0.001	0.950	0.001
0.001	0.997	0.001	0.001
0.001	0.969	0.029	0.001
0.001	0.997	0.001	0.001
>GTTGCCATGG	19-GTTGCCATGG	8.999235	-76.825441	0	T:165.0(3.60%),B:536.0(1.19%),P:1e-33	Tpos:277.2,Tstd:221.0,Bpos:227.4,Bstd:138.0,StrandBias:0.0,Multiplicity:1.00
0.039	0.001	0.959	0.001
0.001	0.001	0.001	0.997
0.001	0.001	0.001	0.997
0.049	0.093	0.640	0.218
0.001	0.984	0.001	0.014
0.001	0.915	0.001	0.083
0.997	0.001	0.001	0.001
0.001	0.001	0.001	0.997
0.001	0.001	0.997	0.001
0.001	0.001	0.997	0.001
>ATGABGTCAT	20-ATGABGTCAT	8.571887	-75.053045	0	T:330.0(7.20%),B:1578.8(3.50%),P:1e-32	Tpos:249.6,Tstd:166.4,Bpos:226.7,Bstd:137.4,StrandBias:0.1,Multiplicity:1.04
0.513	0.267	0.219	0.001
0.001	0.127	0.001	0.871
0.001	0.001	0.904	0.094
0.997	0.001	0.001	0.001
0.080	0.302	0.376	0.241
0.072	0.293	0.588	0.047
0.001	0.001	0.001	0.997
0.179	0.819	0.001	0.001
0.997	0.001	0.001	0.001
0.037	0.001	0.009	0.953
>GCAGCCWGCC	21-GCAGCCWGCC	7.073350	-63.995174	0	T:1127.0(24.60%),B:8149.5(18.07%),P:1e-27	Tpos:286.7,Tstd:228.3,Bpos:226.6,Bstd:142.6,StrandBias:-0.0,Multiplicity:1.21
0.101	0.033	0.838	0.028
0.188	0.677	0.107	0.028
0.628	0.012	0.012	0.348
0.098	0.041	0.806	0.055
0.074	0.518	0.365	0.043
0.024	0.895	0.060	0.021
0.437	0.011	0.046	0.506
0.017	0.122	0.733	0.128
0.064	0.836	0.034	0.066
0.176	0.683	0.004	0.137
>CCACACCTCY	22-CCACACCTCY	9.895749	-59.463427	0	T:286.0(6.24%),B:1419.7(3.15%),P:1e-25	Tpos:280.0,Tstd:225.5,Bpos:225.3,Bstd:132.4,StrandBias:0.2,Multiplicity:1.03
0.001	0.952	0.046	0.001
0.001	0.976	0.001	0.022
0.754	0.241	0.004	0.001
0.001	0.997	0.001	0.001
0.695	0.001	0.303	0.001
0.001	0.997	0.001	0.001
0.001	0.997	0.001	0.001
0.001	0.014	0.141	0.844
0.152	0.846	0.001	0.001
0.126	0.379	0.108	0.386
>TCCTAGTTGM	23-TCCTAGTTGM	11.386601	-25.094099	0	T:58.0(1.27%),B:204.1(0.45%),P:1e-10	Tpos:172.4,Tstd:115.9,Bpos:220.1,Bstd:125.9,StrandBias:-0.6,Multiplicity:1.02
0.001	0.001	0.001	0.997
0.001	0.997	0.001	0.001
0.001	0.997	0.001	0.001
0.001	0.001	0.296	0.702
0.775	0.001	0.223	0.001
0.001	0.001	0.997	0.001
0.001	0.275	0.001	0.723
0.001	0.001	0.001	0.997
0.001	0.001	0.997	0.001
0.426	0.572	0.001	0.001
>ATTCTATGCT	24-ATTCTATGCT	10.694026	-16.101578	0	T:38.0(0.83%),B:139.9(0.31%),P:1e-6	Tpos:226.0,Tstd:162.6,Bpos:241.4,Bstd:133.8,StrandBias:0.3,Multiplicity:1.50
0.997	0.001	0.001	0.001
0.124	0.001	0.099	0.776
0.400	0.001	0.001	0.598
0.001	0.997	0.001	0.001
0.001	0.001	0.001	0.997
0.997	0.001	0.001	0.001
0.001	0.001	0.001	0.997
0.001	0.001	0.838	0.160
0.001	0.997	0.001	0.001
0.001	0.001	0.309	0.689
>GTATTGTATT	25-GTATTGTATT	10.296193	-12.862932	0	T:12.0(0.26%),B:21.6(0.05%),P:1e-5	Tpos:197.8,Tstd:48.4,Bpos:265.3,Bstd:157.2,StrandBias:3.1,Multiplicity:2.64
0.100	0.100	0.700	0.100
0.100	0.100	0.100	0.700
0.700	0.100	0.100	0.100
0.100	0.100	0.100	0.700
0.100	0.100	0.100	0.700
0.100	0.100	0.700	0.100
0.100	0.100	0.100	0.700
0.700	0.100	0.100	0.100
0.100	0.100	0.100	0.700
0.100	0.100	0.100	0.700
>NWVTGASTCAYH	1-NWVTGASTCAYH	7.876956	-1301.204527	0	T:1390.0(30.34%),B:2705.0(6.00%),P:1e-565	Tpos:284.9,Tstd:197.8,Bpos:230.3,Bstd:138.1,StrandBias:-0.0,Multiplicity:1.11
0.219	0.238	0.332	0.211
0.358	0.149	0.186	0.307
0.370	0.226	0.360	0.044
0.060	0.005	0.002	0.933
0.006	0.041	0.944	0.009
0.949	0.022	0.001	0.028
0.092	0.448	0.413	0.046
0.052	0.001	0.001	0.946
0.006	0.921	0.060	0.013
0.921	0.035	0.008	0.036
0.070	0.376	0.221	0.334
0.276	0.237	0.151	0.336
>NWGGGTGTGGCY	2-NWGGGTGTGGCY	8.252169	-1097.663806	0	T:1903.0(41.54%),B:6073.2(13.47%),P:1e-476	Tpos:249.9,Tstd:182.2,Bpos:228.7,Bstd:135.5,StrandBias:-0.1,Multiplicity:1.33
0.290	0.232	0.249	0.229
0.428	0.001	0.111	0.459
0.064	0.001	0.934	0.001
0.001	0.001	0.997	0.001
0.001	0.001	0.997	0.001
0.166	0.041	0.001	0.792
0.005	0.001	0.979	0.015
0.001	0.001	0.306	0.692
0.092	0.001	0.904	0.003
0.095	0.054	0.645	0.206
0.093	0.525	0.085	0.297
0.189	0.322	0.121	0.368
>DGDCYMCWCCCW	3-DGDCYMCWCCCW	6.138271	-791.941834	0	T:3154.0(68.85%),B:17954.9(39.81%),P:1e-343	Tpos:282.2,Tstd:216.9,Bpos:227.6,Bstd:135.5,StrandBias:0.0,Multiplicity:1.48
0.350	0.138	0.261	0.252
0.221	0.107	0.529	0.143
0.231	0.182	0.356	0.231
0.174	0.440	0.130	0.256
0.193	0.410	0.134	0.263
0.356	0.487	0.065	0.092
0.278	0.676	0.014	0.032
0.356	0.039	0.223	0.382
0.029	0.860	0.072	0.039
0.031	0.899	0.018	0.052
0.015	0.925	0.014	0.046
0.417	0.095	0.080	0.409
>TTTGCATAACAA	4-TTTGCATAACAA	7.337626	-395.962470	0	T:1403.0(30.63%),B:6485.3(14.38%),P:1e-171	Tpos:265.5,Tstd:197.4,Bpos:229.5,Bstd:139.8,StrandBias:0.0,Multiplicity:1.20
0.128	0.064	0.021	0.787
0.194	0.175	0.070	0.561
0.202	0.001	0.018	0.779
0.190	0.148	0.572	0.090
0.201	0.720	0.003	0.076
0.967	0.012	0.001	0.020
0.195	0.020	0.020	0.765
0.567	0.082	0.207	0.144
0.610	0.024	0.111	0.255
0.141	0.449	0.232	0.178
0.775	0.030	0.010	0.185
0.630	0.137	0.156	0.077
>ATGCATATTCAA	5-ATGCATATTCAA	8.094538	-195.073489	0	T:682.0(14.89%),B:2984.1(6.62%),P:1e-84	Tpos:234.9,Tstd:162.3,Bpos:225.9,Bstd:145.4,StrandBias:-0.0,Multiplicity:1.08
0.875	0.055	0.039	0.031
0.120	0.001	0.100	0.779
0.022	0.001	0.825	0.152
0.128	0.834	0.019	0.019
0.930	0.001	0.001	0.068
0.232	0.061	0.070	0.637
0.839	0.033	0.001	0.127
0.130	0.011	0.049	0.810
0.063	0.007	0.103	0.827
0.005	0.585	0.182	0.228
0.681	0.076	0.001	0.242
0.673	0.070	0.075	0.182
>CTTTTGTTATGC	6-CTTTTGTTATGC	7.623939	-171.440335	0	T:847.0(18.49%),B:4337.7(9.62%),P:1e-74	Tpos:267.8,Tstd:207.7,Bpos:231.6,Bstd:134.3,StrandBias:0.0,Multiplicity:1.08
0.038	0.760	0.100	0.102
0.052	0.139	0.001	0.808
0.090	0.066	0.049	0.795
0.085	0.082	0.071	0.762
0.039	0.001	0.016	0.944
0.082	0.142	0.680	0.096
0.095	0.043	0.081	0.781
0.133	0.141	0.127	0.599
0.699	0.114	0.082	0.105
0.107	0.025	0.040	0.828
0.085	0.085	0.690	0.140
0.136	0.628	0.116	0.120
>GGGGTGTGGCTG	7-GGGGTGTGGCTG	9.673561	-169.550631	0	T:389.0(8.49%),B:1324.3(2.94%),P:1e-73	Tpos:292.4,Tstd:229.1,Bpos:225.3,Bstd:137.1,StrandBias:0.0,Multiplicity:1.02
0.232	0.057	0.475	0.236
0.342	0.001	0.587	0.070
0.030	0.001	0.772	0.197
0.027	0.032	0.846	0.095
0.001	0.074	0.148	0.777
0.010	0.001	0.964	0.025
0.198	0.015	0.001	0.786
0.001	0.001	0.997	0.001
0.025	0.001	0.840	0.134
0.001	0.997	0.001	0.001
0.001	0.001	0.001	0.997
0.124	0.089	0.468	0.318
>RRGGTGTGGWNW	8-RRGGTGTGGWNW	7.404536	-153.178576	0	T:353.0(7.71%),B:1203.0(2.67%),P:1e-66	Tpos:216.1,Tstd:159.9,Bpos:228.7,Bstd:130.2,StrandBias:0.0,Multiplicity:1.01
0.352	0.139	0.436	0.073
0.481	0.034	0.396	0.088
0.245	0.047	0.471	0.237
0.215	0.219	0.376	0.190
0.079	0.122	0.064	0.735
0.094	0.094	0.724	0.088
0.083	0.006	0.300	0.611
0.072	0.006	0.842	0.080
0.089	0.126	0.645	0.140
0.285	0.230	0.073	0.412
0.167	0.289	0.248	0.296
0.286	0.208	0.139	0.367
>GAATGACAATGC	9-GAATGACAATGC	7.185262	-132.172500	0	T:738.0(16.11%),B:3931.5(8.72%),P:1e-57	Tpos:263.4,Tstd:193.9,Bpos:227.7,Bstd:138.9,StrandBias:0.1,Multiplicity:1.07
0.110	0.082	0.717	0.091
0.758	0.097	0.072	0.073
0.784	0.085	0.081	0.050
0.102	0.012	0.096	0.790
0.075	0.091	0.743	0.091
0.734	0.091	0.081	0.094
0.102	0.740	0.095	0.063
0.819	0.064	0.028	0.089
0.711	0.098	0.095	0.096
0.115	0.036	0.099	0.750
0.058	0.071	0.783	0.088
0.118	0.671	0.131	0.080
>ATGAATAATGCA	10-ATGAATAATGCA	6.710434	-124.551187	0	T:1421.0(31.02%),B:9548.3(21.17%),P:1e-54	Tpos:262.8,Tstd:189.1,Bpos:228.1,Bstd:139.8,StrandBias:0.1,Multiplicity:1.21
0.743	0.093	0.082	0.082
0.126	0.031	0.083	0.760
0.078	0.066	0.776	0.080
0.773	0.089	0.064	0.074
0.768	0.086	0.079	0.067
0.097	0.085	0.100	0.718
0.708	0.100	0.101	0.091
0.769	0.078	0.070	0.083
0.095	0.034	0.078	0.793
0.101	0.079	0.725	0.095
0.107	0.702	0.100	0.091
0.762	0.086	0.043	0.109
>MABTGTGWCACA	11-MABTGTGWCACA	7.175293	-100.679097	0	T:1159.0(25.30%),B:7717.8(17.11%),P:1e-43	Tpos:262.4,Tstd:212.4,Bpos:227.7,Bstd:139.1,StrandBias:0.0,Multiplicity:1.16
0.397	0.286	0.196	0.122
0.565	0.001	0.059	0.375
0.083	0.249	0.346	0.322
0.208	0.001	0.149	0.642
0.309	0.159	0.530	0.002
0.001	0.001	0.001	0.997
0.001	0.013	0.985	0.001
0.452	0.001	0.001	0.546
0.001	0.800	0.105	0.094
0.997	0.001	0.001	0.001
0.091	0.712	0.043	0.154
0.752	0.001	0.001	0.246
>CATTGTAAATTC	12-CATTGTAAATTC	13.036886	-97.012484	0	T:27.0(0.59%),B:3.4(0.01%),P:1e-42	Tpos:212.9,Tstd:126.8,Bpos:226.4,Bstd:65.3,StrandBias:0.2,Multiplicity:1.04
0.001	0.997	0.001	0.001
0.997	0.001	0.001	0.001
0.001	0.001	0.001	0.997
0.001	0.030	0.001	0.968
0.001	0.001	0.997	0.001
0.001	0.030	0.001	0.968
0.997	0.001	0.001	0.001
0.968	0.030	0.001	0.001
0.997	0.001	0.001	0.001
0.001	0.001	0.001	0.997
0.001	0.001	0.001	0.997
0.001	0.997	0.001	0.001
>GTGACTAAGCAA	13-GTGACTAAGCAA	8.577787	-93.221905	0	T:356.0(7.77%),B:1600.7(3.55%),P:1e-40	Tpos:266.1,Tstd:207.1,Bpos:224.7,Bstd:139.7,StrandBias:-0.2,Multiplicity:1.04
0.269	0.128	0.595	0.008
0.018	0.001	0.008	0.973
0.178	0.156	0.564	0.102
0.866	0.027	0.106	0.001
0.007	0.928	0.017	0.048
0.211	0.064	0.001	0.724
0.818	0.001	0.084	0.097
0.981	0.001	0.010	0.008
0.196	0.001	0.739	0.064
0.119	0.712	0.128	0.041
0.671	0.228	0.001	0.100
0.481	0.186	0.146	0.187
>GCCCTGCCCTGT	14-GCCCTGCCCTGT	8.036997	-89.405983	0	T:729.0(15.91%),B:4377.2(9.71%),P:1e-38	Tpos:290.0,Tstd:209.4,Bpos:226.7,Bstd:138.2,StrandBias:-0.0,Multiplicity:1.13
0.156	0.106	0.594	0.144
0.068	0.744	0.095	0.093
0.114	0.748	0.020	0.118
0.094	0.753	0.016	0.137
0.071	0.014	0.032	0.883
0.074	0.119	0.684	0.123
0.023	0.782	0.087	0.108
0.090	0.775	0.001	0.134
0.080	0.807	0.003	0.110
0.153	0.020	0.001	0.826
0.051	0.078	0.723	0.148
0.078	0.116	0.120	0.686
>GGCAGVCTGCCA	15-GGCAGVCTGCCA	7.565830	-73.465842	0	T:910.0(19.86%),B:6101.2(13.53%),P:1e-31	Tpos:292.6,Tstd:220.5,Bpos:230.1,Bstd:144.6,StrandBias:-0.0,Multiplicity:1.18
0.263	0.023	0.512	0.202
0.037	0.074	0.838	0.051
0.139	0.729	0.103	0.029
0.579	0.001	0.001	0.419
0.002	0.106	0.781	0.111
0.249	0.372	0.238	0.141
0.093	0.780	0.070	0.057
0.351	0.001	0.017	0.631
0.014	0.090	0.717	0.179
0.117	0.578	0.175	0.130
0.311	0.586	0.001	0.102
0.493	0.142	0.075	0.290
>TGGTTGCCAWGG	16-TGGTTGCCAWGG	10.409968	-63.443782	0	T:122.0(2.66%),B:368.8(0.82%),P:1e-27	Tpos:246.2,Tstd:168.8,Bpos:216.9,Bstd:129.7,StrandBias:-0.8,Multiplicity:1.01
0.018	0.125	0.134	0.723
0.045	0.093	0.541	0.321
0.089	0.001	0.909	0.001
0.001	0.028	0.001	0.970
0.053	0.001	0.001	0.945
0.029	0.038	0.809	0.124
0.001	0.997	0.001	0.001
0.001	0.683	0.001	0.315
0.954	0.001	0.001	0.044
0.371	0.090	0.033	0.506
0.037	0.001	0.961	0.001
0.044	0.001	0.954	0.001
>GTATTGCATTAT	17-GTATTGCATTAT	9.556247	-52.381834	0	T:25.0(0.55%),B:13.8(0.03%),P:1e-22	Tpos:188.1,Tstd:68.9,Bpos:187.8,Bstd:123.2,StrandBias:1.3,Multiplicity:1.00
0.001	0.001	0.997	0.001
0.001	0.001	0.001	0.997
0.997	0.001	0.001	0.001
0.001	0.001	0.001	0.997
0.001	0.001	0.001	0.997
0.001	0.001	0.997	0.001
0.001	0.885	0.001	0.113
0.997	0.001	0.001	0.001
0.001	0.001	0.001	0.997
0.001	0.001	0.001	0.997
0.967	0.001	0.031	0.001
0.103	0.001	0.001	0.895
>GCCCAGCCCAGC	18-GCCCAGCCCAGC	-0.330585	-46.549455	0	T:660.0(14.41%),B:4522.6(10.03%),P:1e-20	Tpos:312.7,Tstd:234.2,Bpos:226.9,Bstd:148.6,StrandBias:-0.1,Multiplicity:1.20
0.001	0.001	0.997	0.001
0.001	0.997	0.001	0.001
0.001	0.960	0.001	0.038
0.001	0.997	0.001	0.001
0.997	0.001	0.001	0.001
0.001	0.001	0.997	0.001
0.001	0.997	0.001	0.001
0.044	0.916	0.039	0.001
0.001	0.997	0.001	0.001
0.997	0.001	0.001	0.001
0.001	0.001	0.997	0.001
0.001	0.997	0.001	0.001
>TTCTAACTAGGG	19-TTCTAACTAGGG	12.355432	-31.236776	0	T:10.0(0.22%),B:2.8(0.01%),P:1e-13	Tpos:164.6,Tstd:124.8,Bpos:243.8,Bstd:107.4,StrandBias:0.0,Multiplicity:1.00
0.100	0.100	0.100	0.700
0.100	0.100	0.100	0.700
0.100	0.700	0.100	0.100
0.100	0.100	0.100	0.700
0.700	0.100	0.100	0.100
0.700	0.100	0.100	0.100
0.100	0.700	0.100	0.100
0.100	0.100	0.100	0.700
0.700	0.100	0.100	0.100
0.100	0.100	0.700	0.100
0.100	0.100	0.700	0.100
0.100	0.100	0.700	0.100
>TGTTAATACAGC	20-TGTTAATACAGC	10.851991	-15.111462	0	T:8.0(0.17%),B:6.7(0.01%),P:1e-6	Tpos:269.7,Tstd:158.4,Bpos:298.7,Bstd:116.7,StrandBias:3.2,Multiplicity:2.62
0.001	0.001	0.001	0.997
0.001	0.001	0.997	0.001
0.058	0.001	0.001	0.940
0.001	0.001	0.001	0.997
0.940	0.001	0.058	0.001
0.997	0.001	0.001	0.001
0.001	0.001	0.001	0.997
0.940	0.058	0.001	0.001
0.001	0.997	0.001	0.001
0.997	0.001	0.001	0.001
0.001	0.001	0.997	0.001
0.001	0.997	0.001	0.001
>ATTCTATTCTAT	21-ATTCTATTCTAT	9.694726	-9.457046	0	T:10.0(0.22%),B:21.2(0.05%),P:1e-4	Tpos:183.8,Tstd:115.0,Bpos:227.8,Bstd:122.3,StrandBias:0.0,Multiplicity:1.00
0.997	0.001	0.001	0.001
0.001	0.001	0.001	0.997
0.001	0.001	0.001	0.997
0.001	0.997	0.001	0.001
0.001	0.001	0.001	0.997
0.997	0.001	0.001	0.001
0.001	0.001	0.001	0.997
0.001	0.001	0.001	0.997
0.001	0.997	0.001	0.001
0.001	0.001	0.001	0.997
0.944	0.054	0.001	0.001
0.001	0.001	0.001	0.997
>TAAGCACAGGGC	22-TAAGCACAGGGC	2.789976	-7.916674	0	T:62.0(1.35%),B:383.2(0.85%),P:1e-3	Tpos:243.8,Tstd:165.1,Bpos:218.1,Bstd:132.8,StrandBias:-0.2,Multiplicity:1.21
0.001	0.001	0.001	0.997
0.997	0.001	0.001	0.001
0.997	0.001	0.001	0.001
0.001	0.001	0.997	0.001
0.001	0.997	0.001	0.001
0.997	0.001	0.001	0.001
0.001	0.932	0.001	0.066
0.997	0.001	0.001	0.001
0.001	0.001	0.997	0.001
0.001	0.001	0.997	0.001
0.001	0.001	0.997	0.001
0.001	0.997	0.001	0.001
>TGTAAGGGAATA	23-TGTAAGGGAATA	12.355432	-4.015262	0	T:2.0(0.04%),B:2.7(0.01%),P:1e-1	Tpos:284.9,Tstd:165.7,Bpos:278.5,Bstd:117.5,StrandBias:10.0,Multiplicity:7.50
0.100	0.100	0.100	0.700
0.100	0.100	0.700	0.100
0.100	0.100	0.100	0.700
0.700	0.100	0.100	0.100
0.700	0.100	0.100	0.100
0.100	0.100	0.700	0.100
0.100	0.100	0.700	0.100
0.100	0.100	0.700	0.100
0.700	0.100	0.100	0.100
0.700	0.100	0.100	0.100
0.100	0.100	0.100	0.700
0.700	0.100	0.100	0.100
>AKMTACATCTAC	24-AKMTACATCTAC	14.116455	-3.270564	0	T:2.0(0.04%),B:3.4(0.01%),P:1e-1	Tpos:138.0,Tstd:44.1,Bpos:188.1,Bstd:81.3,StrandBias:10.0,Multiplicity:8.00
0.997	0.001	0.001	0.001
0.001	0.001	0.479	0.519
0.480	0.426	0.092	0.002
0.091	0.001	0.001	0.907
0.997	0.001	0.001	0.001
0.001	0.997	0.001	0.001
0.997	0.001	0.001	0.001
0.001	0.001	0.001	0.997
0.183	0.815	0.001	0.001
0.299	0.001	0.001	0.699
0.789	0.002	0.001	0.208
0.001	0.907	0.001	0.091
>CCTAACCTCCAT	25-CCTAACCTCCAT	12.355432	-1.458025	0	T:2.0(0.04%),B:9.0(0.02%),P:1e0	Tpos:326.1,Tstd:195.0,Bpos:218.1,Bstd:133.3,StrandBias:-4.4,Multiplicity:11.00
0.100	0.700	0.100	0.100
0.100	0.700	0.100	0.100
0.100	0.100	0.100	0.700
0.700	0.100	0.100	0.100
0.700	0.100	0.100	0.100
0.100	0.700	0.100	0.100
0.100	0.700	0.100	0.100
0.100	0.100	0.100	0.700
0.100	0.700	0.100	0.100
0.100	0.700	0.100	0.100
0.700	0.100	0.100	0.100
0.100	0.100	0.100	0.700
>ATGAGTCA	1-ATGAGTCA	6.783193	-1206.212363	0	T:1775.0(38.75%),B:4908.7(10.88%),P:1e-523	Tpos:282.2,Tstd:197.1,Bpos:229.2,Bstd:139.1,StrandBias:-0.0,Multiplicity:1.21
0.637	0.121	0.224	0.018
0.001	0.001	0.001	0.997
0.001	0.001	0.966	0.032
0.997	0.001	0.001	0.001
0.044	0.246	0.677	0.033
0.001	0.001	0.001	0.997
0.007	0.991	0.001	0.001
0.994	0.001	0.004	0.001
>AGGGCGTG	2-AGGGCGTG	5.761571	-813.050323	0	T:2977.0(64.99%),B:16096.2(35.69%),P:1e-353	Tpos:273.7,Tstd:215.2,Bpos:229.0,Bstd:136.5,StrandBias:-0.1,Multiplicity:1.40
0.663	0.001	0.071	0.265
0.001	0.001	0.997	0.001
0.001	0.070	0.928	0.001
0.001	0.001	0.997	0.001
0.077	0.746	0.001	0.176
0.001	0.001	0.997	0.001
0.059	0.001	0.171	0.769
0.269	0.001	0.574	0.156
>CCACACCC	3-CCACACCC	7.975060	-717.109826	0	T:1946.0(42.48%),B:8260.7(18.32%),P:1e-311	Tpos:265.0,Tstd:206.0,Bpos:227.4,Bstd:135.6,StrandBias:0.1,Multiplicity:1.42
0.185	0.702	0.056	0.057
0.001	0.988	0.010	0.001
0.814	0.184	0.001	0.001
0.001	0.997	0.001	0.001
0.997	0.001	0.001	0.001
0.001	0.997	0.001	0.001
0.001	0.997	0.001	0.001
0.001	0.997	0.001	0.001
>TATGCAAA	4-TATGCAAA	6.860981	-361.912952	0	T:1501.0(32.77%),B:7478.4(16.58%),P:1e-157	Tpos:257.7,Tstd:186.8,Bpos:230.0,Bstd:143.7,StrandBias:-0.1,Multiplicity:1.24
0.241	0.181	0.053	0.525
0.983	0.001	0.015	0.001
0.001	0.022	0.011	0.966
0.001	0.001	0.788	0.210
0.128	0.717	0.059	0.096
0.658	0.015	0.071	0.256
0.520	0.102	0.166	0.212
0.846	0.034	0.076	0.044
>GCCCCGCC	5-GCCCCGCC	4.022984	-329.274828	0	T:1544.0(33.70%),B:8094.9(17.95%),P:1e-143	Tpos:283.7,Tstd:225.8,Bpos:227.5,Bstd:138.8,StrandBias:0.1,Multiplicity:1.40
0.001	0.001	0.997	0.001
0.001	0.997	0.001	0.001
0.001	0.997	0.001	0.001
0.009	0.989	0.001	0.001
0.133	0.865	0.001	0.001
0.123	0.001	0.875	0.001
0.001	0.997	0.001	0.001
0.001	0.997	0.001	0.001
>NTTATTCA	6-NTTATTCA	6.736617	-321.724924	0	T:1691.0(36.91%),B:9328.2(20.68%),P:1e-139	Tpos:272.9,Tstd:197.4,Bpos:228.5,Bstd:139.7,StrandBias:-0.1,Multiplicity:1.24
0.227	0.351	0.209	0.213
0.217	0.205	0.001	0.577
0.001	0.074	0.074	0.851
0.997	0.001	0.001	0.001
0.001	0.137	0.232	0.630
0.001	0.001	0.091	0.907
0.001	0.997	0.001	0.001
0.934	0.001	0.001	0.064
>TAACAATG	7-TAACAATG	6.374561	-256.026637	0	T:2047.0(44.68%),B:13081.7(29.00%),P:1e-111	Tpos:270.5,Tstd:200.6,Bpos:228.5,Bstd:138.1,StrandBias:-0.0,Multiplicity:1.41
0.225	0.092	0.198	0.485
0.561	0.109	0.196	0.134
0.938	0.025	0.001	0.036
0.049	0.776	0.100	0.075
0.961	0.007	0.008	0.024
0.887	0.032	0.054	0.027
0.322	0.012	0.054	0.612
0.169	0.020	0.782	0.029
>TCCWCCCA	8-TCCWCCCA	7.279154	-202.738676	0	T:2016.0(44.01%),B:13540.8(30.02%),P:1e-88	Tpos:291.1,Tstd:229.5,Bpos:228.4,Bstd:132.4,StrandBias:0.1,Multiplicity:1.42
0.087	0.252	0.044	0.617
0.001	0.969	0.029	0.001
0.001	0.942	0.056	0.001
0.385	0.001	0.142	0.472
0.201	0.797	0.001	0.001
0.001	0.949	0.001	0.049
0.201	0.797	0.001	0.001
0.556	0.078	0.028	0.338
>YTATTGTK	9-YTATTGTK	4.080262	-172.222333	0	T:2189.0(47.78%),B:15597.0(34.58%),P:1e-74	Tpos:275.0,Tstd:204.2,Bpos:228.3,Bstd:139.7,StrandBias:0.1,Multiplicity:1.23
0.001	0.326	0.233	0.439
0.207	0.248	0.001	0.544
0.997	0.001	0.001	0.001
0.001	0.001	0.001	0.997
0.001	0.001	0.001	0.997
0.001	0.001	0.997	0.001
0.001	0.001	0.001	0.997
0.019	0.125	0.361	0.495
>TACAAAAG	10-TACAAAAG	6.405046	-164.369797	0	T:1634.0(35.67%),B:10754.4(23.84%),P:1e-71	Tpos:271.8,Tstd:209.9,Bpos:230.4,Bstd:135.9,StrandBias:-0.1,Multiplicity:1.26
0.066	0.178	0.175	0.581
0.734	0.012	0.118	0.136
0.026	0.752	0.096	0.126
0.817	0.050	0.061	0.072
0.890	0.012	0.019	0.079
0.646	0.055	0.022	0.277
0.756	0.036	0.134	0.074
0.009	0.122	0.828	0.041
>TGCATAAC	11-TGCATAAC	6.541803	-152.412110	0	T:961.0(20.98%),B:5393.9(11.96%),P:1e-66	Tpos:263.3,Tstd:203.9,Bpos:228.9,Bstd:139.5,StrandBias:0.1,Multiplicity:1.11
0.001	0.070	0.001	0.928
0.148	0.062	0.789	0.001
0.001	0.902	0.081	0.016
0.970	0.001	0.028	0.001
0.001	0.001	0.080	0.918
0.832	0.056	0.060	0.052
0.906	0.001	0.092	0.001
0.078	0.827	0.001	0.094
>ATGYGAAT	12-ATGYGAAT	8.052722	-126.621661	0	T:475.0(10.37%),B:2126.5(4.71%),P:1e-54	Tpos:268.5,Tstd:206.2,Bpos:220.5,Bstd:143.7,StrandBias:0.3,Multiplicity:1.07
0.884	0.047	0.027	0.042
0.144	0.022	0.037	0.797
0.032	0.101	0.856	0.011
0.113	0.417	0.086	0.383
0.096	0.030	0.525	0.349
0.830	0.024	0.089	0.057
0.888	0.013	0.026	0.073
0.089	0.028	0.076	0.807
>WAACCGCR	13-WAACCGCR	3.219147	-124.597771	0	T:628.0(13.71%),B:3205.3(7.11%),P:1e-54	Tpos:261.7,Tstd:202.8,Bpos:231.4,Bstd:134.4,StrandBias:-0.2,Multiplicity:1.07
0.509	0.001	0.001	0.489
0.997	0.001	0.001	0.001
0.997	0.001	0.001	0.001
0.001	0.997	0.001	0.001
0.001	0.997	0.001	0.001
0.237	0.001	0.761	0.001
0.001	0.997	0.001	0.001
0.541	0.001	0.457	0.001
>CGMATAYT	14-CGMATAYT	6.239867	-123.320364	0	T:620.0(13.53%),B:3160.2(7.01%),P:1e-53	Tpos:248.0,Tstd:172.1,Bpos:228.3,Bstd:140.6,StrandBias:-0.2,Multiplicity:1.04
0.152	0.634	0.001	0.213
0.001	0.001	0.789	0.209
0.473	0.525	0.001	0.001
0.707	0.082	0.001	0.210
0.001	0.001	0.001	0.997
0.839	0.033	0.108	0.020
0.220	0.332	0.040	0.408
0.229	0.073	0.235	0.463
>ARGAATKT	15-ARGAATKT	4.001511	-106.772488	0	T:1581.0(34.51%),B:11266.2(24.98%),P:1e-46	Tpos:271.8,Tstd:206.9,Bpos:227.9,Bstd:138.4,StrandBias:-0.0,Multiplicity:1.28
0.986	0.001	0.001	0.012
0.511	0.001	0.487	0.001
0.001	0.001	0.997	0.001
0.997	0.001	0.001	0.001
0.997	0.001	0.001	0.001
0.001	0.001	0.001	0.997
0.001	0.001	0.542	0.456
0.001	0.302	0.001	0.696
>ATTTACAT	16-ATTTACAT	7.606069	-103.332534	0	T:1032.0(22.53%),B:6614.9(14.67%),P:1e-44	Tpos:265.0,Tstd:207.0,Bpos:230.9,Bstd:140.3,StrandBias:0.1,Multiplicity:1.18
0.769	0.001	0.001	0.229
0.001	0.001	0.001	0.997
0.001	0.229	0.001	0.769
0.010	0.232	0.001	0.757
0.845	0.151	0.003	0.001
0.267	0.622	0.110	0.001
0.997	0.001	0.001	0.001
0.001	0.001	0.001	0.997
>CCTTTGTG	17-CCTTTGTG	7.979978	-101.627813	0	T:1008.0(22.00%),B:6443.8(14.29%),P:1e-44	Tpos:272.9,Tstd:205.0,Bpos:229.9,Bstd:137.0,StrandBias:-0.0,Multiplicity:1.14
0.001	0.611	0.115	0.273
0.001	0.997	0.001	0.001
0.001	0.001	0.001	0.997
0.001	0.001	0.001	0.997
0.001	0.001	0.001	0.997
0.097	0.001	0.901	0.001
0.001	0.001	0.001	0.997
0.001	0.184	0.814	0.001
>RTGTCAYA	18-RTGTCAYA	7.210527	-74.109121	0	T:1162.0(25.37%),B:8238.9(18.27%),P:1e-32	Tpos:258.5,Tstd:212.5,Bpos:229.0,Bstd:140.6,StrandBias:-0.0,Multiplicity:1.19
0.493	0.001	0.505	0.001
0.001	0.097	0.001	0.901
0.078	0.001	0.841	0.080
0.323	0.001	0.001	0.675
0.054	0.873	0.072	0.001
0.900	0.001	0.055	0.044
0.001	0.452	0.001	0.546
0.482	0.001	0.255	0.262
>TAYTCKAA	19-TAYTCKAA	6.309797	-61.959307	0	T:816.0(17.81%),B:5527.5(12.26%),P:1e-26	Tpos:266.3,Tstd:196.2,Bpos:230.9,Bstd:136.2,StrandBias:-0.1,Multiplicity:1.10
0.001	0.001	0.001	0.997
0.997	0.001	0.001	0.001
0.001	0.442	0.001	0.556
0.001	0.001	0.326	0.672
0.001	0.997	0.001	0.001
0.001	0.232	0.421	0.346
0.842	0.001	0.140	0.017
0.997	0.001	0.001	0.001
>TTTGAAAG	20-TTTGAAAG	3.714714	-61.431802	0	T:1630.0(35.58%),B:12734.5(28.24%),P:1e-26	Tpos:279.9,Tstd:206.6,Bpos:228.1,Bstd:140.4,StrandBias:-0.0,Multiplicity:1.29
0.173	0.001	0.001	0.825
0.019	0.361	0.001	0.619
0.001	0.001	0.001	0.997
0.001	0.001	0.997	0.001
0.997	0.001	0.001	0.001
0.994	0.004	0.001	0.001
0.773	0.001	0.001	0.225
0.001	0.001	0.997	0.001
>CAGCCCTG	21-CAGCCCTG	8.236954	-54.545347	0	T:433.0(9.45%),B:2558.5(5.67%),P:1e-23	Tpos:294.0,Tstd:239.7,Bpos:228.8,Bstd:139.4,StrandBias:-0.1,Multiplicity:1.06
0.100	0.700	0.100	0.100
0.700	0.100	0.100	0.100
0.100	0.100	0.700	0.100
0.100	0.700	0.100	0.100
0.100	0.700	0.100	0.100
0.100	0.700	0.100	0.100
0.100	0.100	0.100	0.700
0.100	0.100	0.700	0.100
>AGCCGCCT	22-AGCCGCCT	7.640679	-48.770447	0	T:508.0(11.09%),B:3235.7(7.17%),P:1e-21	Tpos:268.3,Tstd:217.7,Bpos:225.0,Bstd:135.4,StrandBias:0.2,Multiplicity:1.09
0.997	0.001	0.001	0.001
0.001	0.305	0.693	0.001
0.001	0.997	0.001	0.001
0.001	0.906	0.001	0.092
0.001	0.001	0.997	0.001
0.001	0.997	0.001	0.001
0.001	0.737	0.261	0.001
0.001	0.314	0.001	0.684
>GTGCCAAA	23-GTGCCAAA	4.833120	-44.073718	0	T:774.0(16.90%),B:5541.9(12.29%),P:1e-19	Tpos:288.9,Tstd:216.6,Bpos:228.4,Bstd:136.6,StrandBias:0.0,Multiplicity:1.12
0.001	0.017	0.981	0.001
0.131	0.001	0.001	0.867
0.001	0.001	0.997	0.001
0.001	0.997	0.001	0.001
0.001	0.997	0.001	0.001
0.997	0.001	0.001	0.001
0.997	0.001	0.001	0.001
0.866	0.001	0.132	0.001
>TGACBTCA	24-TGACBTCA	8.188811	-37.243757	0	T:553.0(12.07%),B:3818.8(8.47%),P:1e-16	Tpos:265.8,Tstd:196.1,Bpos:228.6,Bstd:136.9,StrandBias:-0.2,Multiplicity:1.07
0.001	0.001	0.001	0.997
0.001	0.001	0.958	0.040
0.997	0.001	0.001	0.001
0.001	0.997	0.001	0.001
0.104	0.307	0.357	0.232
0.001	0.169	0.001	0.829
0.001	0.997	0.001	0.001
0.962	0.036	0.001	0.001
>TGAAAAGA	25-TGAAAAGA	9.192005	-29.016983	0	T:475.0(10.37%),B:3342.7(7.41%),P:1e-12	Tpos:288.3,Tstd:223.3,Bpos:233.0,Bstd:135.4,StrandBias:0.1,Multiplicity:1.08
0.001	0.001	0.001	0.997
0.001	0.001	0.997	0.001
0.997	0.001	0.001	0.001
0.997	0.001	0.001	0.001
0.997	0.001	0.001	0.001
0.997	0.001	0.001	0.001
0.001	0.001	0.997	0.001
0.656	0.190	0.153	0.001
