>ATGAGTCA	1-ATGAGTCA	6.783193	-1206.212363	0	T:1775.0(38.75%),B:4908.7(10.88%),P:1e-523	Tpos:282.2,Tstd:197.1,Bpos:229.2,Bstd:139.1,StrandBias:-0.0,Multiplicity:1.21
0.637	0.121	0.224	0.018
0.001	0.001	0.001	0.997
0.001	0.001	0.966	0.032
0.997	0.001	0.001	0.001
0.044	0.246	0.677	0.033
0.001	0.001	0.001	0.997
0.007	0.991	0.001	0.001
0.994	0.001	0.004	0.001
>AGGGCGTG	2-AGGGCGTG	5.761571	-813.050323	0	T:2977.0(64.99%),B:16096.2(35.69%),P:1e-353	Tpos:273.7,Tstd:215.2,Bpos:229.0,Bstd:136.5,StrandBias:-0.1,Multiplicity:1.40
0.663	0.001	0.071	0.265
0.001	0.001	0.997	0.001
0.001	0.070	0.928	0.001
0.001	0.001	0.997	0.001
0.077	0.746	0.001	0.176
0.001	0.001	0.997	0.001
0.059	0.001	0.171	0.769
0.269	0.001	0.574	0.156
>CCACACCC	3-CCACACCC	7.975060	-717.109826	0	T:1946.0(42.48%),B:8260.7(18.32%),P:1e-311	Tpos:265.0,Tstd:206.0,Bpos:227.4,Bstd:135.6,StrandBias:0.1,Multiplicity:1.42
0.185	0.702	0.056	0.057
0.001	0.988	0.010	0.001
0.814	0.184	0.001	0.001
0.001	0.997	0.001	0.001
0.997	0.001	0.001	0.001
0.001	0.997	0.001	0.001
0.001	0.997	0.001	0.001
0.001	0.997	0.001	0.001
>TATGCAAA	4-TATGCAAA	6.860981	-361.912952	0	T:1501.0(32.77%),B:7478.4(16.58%),P:1e-157	Tpos:257.7,Tstd:186.8,Bpos:230.0,Bstd:143.7,StrandBias:-0.1,Multiplicity:1.24
0.241	0.181	0.053	0.525
0.983	0.001	0.015	0.001
0.001	0.022	0.011	0.966
0.001	0.001	0.788	0.210
0.128	0.717	0.059	0.096
0.658	0.015	0.071	0.256
0.520	0.102	0.166	0.212
0.846	0.034	0.076	0.044
>GCCCCGCC	5-GCCCCGCC	4.022984	-329.274828	0	T:1544.0(33.70%),B:8094.9(17.95%),P:1e-143	Tpos:283.7,Tstd:225.8,Bpos:227.5,Bstd:138.8,StrandBias:0.1,Multiplicity:1.40
0.001	0.001	0.997	0.001
0.001	0.997	0.001	0.001
0.001	0.997	0.001	0.001
0.009	0.989	0.001	0.001
0.133	0.865	0.001	0.001
0.123	0.001	0.875	0.001
0.001	0.997	0.001	0.001
0.001	0.997	0.001	0.001
>NTTATTCA	6-NTTATTCA	6.736617	-321.724924	0	T:1691.0(36.91%),B:9328.2(20.68%),P:1e-139	Tpos:272.9,Tstd:197.4,Bpos:228.5,Bstd:139.7,StrandBias:-0.1,Multiplicity:1.24
0.227	0.351	0.209	0.213
0.217	0.205	0.001	0.577
0.001	0.074	0.074	0.851
0.997	0.001	0.001	0.001
0.001	0.137	0.232	0.630
0.001	0.001	0.091	0.907
0.001	0.997	0.001	0.001
0.934	0.001	0.001	0.064
>TAACAATG	7-TAACAATG	6.374561	-256.026637	0	T:2047.0(44.68%),B:13081.7(29.00%),P:1e-111	Tpos:270.5,Tstd:200.6,Bpos:228.5,Bstd:138.1,StrandBias:-0.0,Multiplicity:1.41
0.225	0.092	0.198	0.485
0.561	0.109	0.196	0.134
0.938	0.025	0.001	0.036
0.049	0.776	0.100	0.075
0.961	0.007	0.008	0.024
0.887	0.032	0.054	0.027
0.322	0.012	0.054	0.612
0.169	0.020	0.782	0.029
>TCCWCCCA	8-TCCWCCCA	7.279154	-202.738676	0	T:2016.0(44.01%),B:13540.8(30.02%),P:1e-88	Tpos:291.1,Tstd:229.5,Bpos:228.4,Bstd:132.4,StrandBias:0.1,Multiplicity:1.42
0.087	0.252	0.044	0.617
0.001	0.969	0.029	0.001
0.001	0.942	0.056	0.001
0.385	0.001	0.142	0.472
0.201	0.797	0.001	0.001
0.001	0.949	0.001	0.049
0.201	0.797	0.001	0.001
0.556	0.078	0.028	0.338
>YTATTGTK	9-YTATTGTK	4.080262	-172.222333	0	T:2189.0(47.78%),B:15597.0(34.58%),P:1e-74	Tpos:275.0,Tstd:204.2,Bpos:228.3,Bstd:139.7,StrandBias:0.1,Multiplicity:1.23
0.001	0.326	0.233	0.439
0.207	0.248	0.001	0.544
0.997	0.001	0.001	0.001
0.001	0.001	0.001	0.997
0.001	0.001	0.001	0.997
0.001	0.001	0.997	0.001
0.001	0.001	0.001	0.997
0.019	0.125	0.361	0.495
>TACAAAAG	10-TACAAAAG	6.405046	-164.369797	0	T:1634.0(35.67%),B:10754.4(23.84%),P:1e-71	Tpos:271.8,Tstd:209.9,Bpos:230.4,Bstd:135.9,StrandBias:-0.1,Multiplicity:1.26
0.066	0.178	0.175	0.581
0.734	0.012	0.118	0.136
0.026	0.752	0.096	0.126
0.817	0.050	0.061	0.072
0.890	0.012	0.019	0.079
0.646	0.055	0.022	0.277
0.756	0.036	0.134	0.074
0.009	0.122	0.828	0.041
>TGCATAAC	11-TGCATAAC	6.541803	-152.412110	0	T:961.0(20.98%),B:5393.9(11.96%),P:1e-66	Tpos:263.3,Tstd:203.9,Bpos:228.9,Bstd:139.5,StrandBias:0.1,Multiplicity:1.11
0.001	0.070	0.001	0.928
0.148	0.062	0.789	0.001
0.001	0.902	0.081	0.016
0.970	0.001	0.028	0.001
0.001	0.001	0.080	0.918
0.832	0.056	0.060	0.052
0.906	0.001	0.092	0.001
0.078	0.827	0.001	0.094
>ATGYGAAT	12-ATGYGAAT	8.052722	-126.621661	0	T:475.0(10.37%),B:2126.5(4.71%),P:1e-54	Tpos:268.5,Tstd:206.2,Bpos:220.5,Bstd:143.7,StrandBias:0.3,Multiplicity:1.07
0.884	0.047	0.027	0.042
0.144	0.022	0.037	0.797
0.032	0.101	0.856	0.011
0.113	0.417	0.086	0.383
0.096	0.030	0.525	0.349
0.830	0.024	0.089	0.057
0.888	0.013	0.026	0.073
0.089	0.028	0.076	0.807
>WAACCGCR	13-WAACCGCR	3.219147	-124.597771	0	T:628.0(13.71%),B:3205.3(7.11%),P:1e-54	Tpos:261.7,Tstd:202.8,Bpos:231.4,Bstd:134.4,StrandBias:-0.2,Multiplicity:1.07
0.509	0.001	0.001	0.489
0.997	0.001	0.001	0.001
0.997	0.001	0.001	0.001
0.001	0.997	0.001	0.001
0.001	0.997	0.001	0.001
0.237	0.001	0.761	0.001
0.001	0.997	0.001	0.001
0.541	0.001	0.457	0.001
>CGMATAYT	14-CGMATAYT	6.239867	-123.320364	0	T:620.0(13.53%),B:3160.2(7.01%),P:1e-53	Tpos:248.0,Tstd:172.1,Bpos:228.3,Bstd:140.6,StrandBias:-0.2,Multiplicity:1.04
0.152	0.634	0.001	0.213
0.001	0.001	0.789	0.209
0.473	0.525	0.001	0.001
0.707	0.082	0.001	0.210
0.001	0.001	0.001	0.997
0.839	0.033	0.108	0.020
0.220	0.332	0.040	0.408
0.229	0.073	0.235	0.463
>ARGAATKT	15-ARGAATKT	4.001511	-106.772488	0	T:1581.0(34.51%),B:11266.2(24.98%),P:1e-46	Tpos:271.8,Tstd:206.9,Bpos:227.9,Bstd:138.4,StrandBias:-0.0,Multiplicity:1.28
0.986	0.001	0.001	0.012
0.511	0.001	0.487	0.001
0.001	0.001	0.997	0.001
0.997	0.001	0.001	0.001
0.997	0.001	0.001	0.001
0.001	0.001	0.001	0.997
0.001	0.001	0.542	0.456
0.001	0.302	0.001	0.696
>ATTTACAT	16-ATTTACAT	7.606069	-103.332534	0	T:1032.0(22.53%),B:6614.9(14.67%),P:1e-44	Tpos:265.0,Tstd:207.0,Bpos:230.9,Bstd:140.3,StrandBias:0.1,Multiplicity:1.18
0.769	0.001	0.001	0.229
0.001	0.001	0.001	0.997
0.001	0.229	0.001	0.769
0.010	0.232	0.001	0.757
0.845	0.151	0.003	0.001
0.267	0.622	0.110	0.001
0.997	0.001	0.001	0.001
0.001	0.001	0.001	0.997
>CCTTTGTG	17-CCTTTGTG	7.979978	-101.627813	0	T:1008.0(22.00%),B:6443.8(14.29%),P:1e-44	Tpos:272.9,Tstd:205.0,Bpos:229.9,Bstd:137.0,StrandBias:-0.0,Multiplicity:1.14
0.001	0.611	0.115	0.273
0.001	0.997	0.001	0.001
0.001	0.001	0.001	0.997
0.001	0.001	0.001	0.997
0.001	0.001	0.001	0.997
0.097	0.001	0.901	0.001
0.001	0.001	0.001	0.997
0.001	0.184	0.814	0.001
>RTGTCAYA	18-RTGTCAYA	7.210527	-74.109121	0	T:1162.0(25.37%),B:8238.9(18.27%),P:1e-32	Tpos:258.5,Tstd:212.5,Bpos:229.0,Bstd:140.6,StrandBias:-0.0,Multiplicity:1.19
0.493	0.001	0.505	0.001
0.001	0.097	0.001	0.901
0.078	0.001	0.841	0.080
0.323	0.001	0.001	0.675
0.054	0.873	0.072	0.001
0.900	0.001	0.055	0.044
0.001	0.452	0.001	0.546
0.482	0.001	0.255	0.262
>TAYTCKAA	19-TAYTCKAA	6.309797	-61.959307	0	T:816.0(17.81%),B:5527.5(12.26%),P:1e-26	Tpos:266.3,Tstd:196.2,Bpos:230.9,Bstd:136.2,StrandBias:-0.1,Multiplicity:1.10
0.001	0.001	0.001	0.997
0.997	0.001	0.001	0.001
0.001	0.442	0.001	0.556
0.001	0.001	0.326	0.672
0.001	0.997	0.001	0.001
0.001	0.232	0.421	0.346
0.842	0.001	0.140	0.017
0.997	0.001	0.001	0.001
>TTTGAAAG	20-TTTGAAAG	3.714714	-61.431802	0	T:1630.0(35.58%),B:12734.5(28.24%),P:1e-26	Tpos:279.9,Tstd:206.6,Bpos:228.1,Bstd:140.4,StrandBias:-0.0,Multiplicity:1.29
0.173	0.001	0.001	0.825
0.019	0.361	0.001	0.619
0.001	0.001	0.001	0.997
0.001	0.001	0.997	0.001
0.997	0.001	0.001	0.001
0.994	0.004	0.001	0.001
0.773	0.001	0.001	0.225
0.001	0.001	0.997	0.001
>CAGCCCTG	21-CAGCCCTG	8.236954	-54.545347	0	T:433.0(9.45%),B:2558.5(5.67%),P:1e-23	Tpos:294.0,Tstd:239.7,Bpos:228.8,Bstd:139.4,StrandBias:-0.1,Multiplicity:1.06
0.100	0.700	0.100	0.100
0.700	0.100	0.100	0.100
0.100	0.100	0.700	0.100
0.100	0.700	0.100	0.100
0.100	0.700	0.100	0.100
0.100	0.700	0.100	0.100
0.100	0.100	0.100	0.700
0.100	0.100	0.700	0.100
>AGCCGCCT	22-AGCCGCCT	7.640679	-48.770447	0	T:508.0(11.09%),B:3235.7(7.17%),P:1e-21	Tpos:268.3,Tstd:217.7,Bpos:225.0,Bstd:135.4,StrandBias:0.2,Multiplicity:1.09
0.997	0.001	0.001	0.001
0.001	0.305	0.693	0.001
0.001	0.997	0.001	0.001
0.001	0.906	0.001	0.092
0.001	0.001	0.997	0.001
0.001	0.997	0.001	0.001
0.001	0.737	0.261	0.001
0.001	0.314	0.001	0.684
>GTGCCAAA	23-GTGCCAAA	4.833120	-44.073718	0	T:774.0(16.90%),B:5541.9(12.29%),P:1e-19	Tpos:288.9,Tstd:216.6,Bpos:228.4,Bstd:136.6,StrandBias:0.0,Multiplicity:1.12
0.001	0.017	0.981	0.001
0.131	0.001	0.001	0.867
0.001	0.001	0.997	0.001
0.001	0.997	0.001	0.001
0.001	0.997	0.001	0.001
0.997	0.001	0.001	0.001
0.997	0.001	0.001	0.001
0.866	0.001	0.132	0.001
>TGACBTCA	24-TGACBTCA	8.188811	-37.243757	0	T:553.0(12.07%),B:3818.8(8.47%),P:1e-16	Tpos:265.8,Tstd:196.1,Bpos:228.6,Bstd:136.9,StrandBias:-0.2,Multiplicity:1.07
0.001	0.001	0.001	0.997
0.001	0.001	0.958	0.040
0.997	0.001	0.001	0.001
0.001	0.997	0.001	0.001
0.104	0.307	0.357	0.232
0.001	0.169	0.001	0.829
0.001	0.997	0.001	0.001
0.962	0.036	0.001	0.001
>TGAAAAGA	25-TGAAAAGA	9.192005	-29.016983	0	T:475.0(10.37%),B:3342.7(7.41%),P:1e-12	Tpos:288.3,Tstd:223.3,Bpos:233.0,Bstd:135.4,StrandBias:0.1,Multiplicity:1.08
0.001	0.001	0.001	0.997
0.001	0.001	0.997	0.001
0.997	0.001	0.001	0.001
0.997	0.001	0.001	0.001
0.997	0.001	0.001	0.001
0.997	0.001	0.001	0.001
0.001	0.001	0.997	0.001
0.656	0.190	0.153	0.001
