>NWVTGASTCAYH	1-NWVTGASTCAYH	7.876956	-1301.204527	0	T:1390.0(30.34%),B:2705.0(6.00%),P:1e-565	Tpos:284.9,Tstd:197.8,Bpos:230.3,Bstd:138.1,StrandBias:-0.0,Multiplicity:1.11
0.219	0.238	0.332	0.211
0.358	0.149	0.186	0.307
0.370	0.226	0.360	0.044
0.060	0.005	0.002	0.933
0.006	0.041	0.944	0.009
0.949	0.022	0.001	0.028
0.092	0.448	0.413	0.046
0.052	0.001	0.001	0.946
0.006	0.921	0.060	0.013
0.921	0.035	0.008	0.036
0.070	0.376	0.221	0.334
0.276	0.237	0.151	0.336
>NWGGGTGTGGCY	2-NWGGGTGTGGCY	8.252169	-1097.663806	0	T:1903.0(41.54%),B:6073.2(13.47%),P:1e-476	Tpos:249.9,Tstd:182.2,Bpos:228.7,Bstd:135.5,StrandBias:-0.1,Multiplicity:1.33
0.290	0.232	0.249	0.229
0.428	0.001	0.111	0.459
0.064	0.001	0.934	0.001
0.001	0.001	0.997	0.001
0.001	0.001	0.997	0.001
0.166	0.041	0.001	0.792
0.005	0.001	0.979	0.015
0.001	0.001	0.306	0.692
0.092	0.001	0.904	0.003
0.095	0.054	0.645	0.206
0.093	0.525	0.085	0.297
0.189	0.322	0.121	0.368
>DGDCYMCWCCCW	3-DGDCYMCWCCCW	6.138271	-791.941834	0	T:3154.0(68.85%),B:17954.9(39.81%),P:1e-343	Tpos:282.2,Tstd:216.9,Bpos:227.6,Bstd:135.5,StrandBias:0.0,Multiplicity:1.48
0.350	0.138	0.261	0.252
0.221	0.107	0.529	0.143
0.231	0.182	0.356	0.231
0.174	0.440	0.130	0.256
0.193	0.410	0.134	0.263
0.356	0.487	0.065	0.092
0.278	0.676	0.014	0.032
0.356	0.039	0.223	0.382
0.029	0.860	0.072	0.039
0.031	0.899	0.018	0.052
0.015	0.925	0.014	0.046
0.417	0.095	0.080	0.409
>TTTGCATAACAA	4-TTTGCATAACAA	7.337626	-395.962470	0	T:1403.0(30.63%),B:6485.3(14.38%),P:1e-171	Tpos:265.5,Tstd:197.4,Bpos:229.5,Bstd:139.8,StrandBias:0.0,Multiplicity:1.20
0.128	0.064	0.021	0.787
0.194	0.175	0.070	0.561
0.202	0.001	0.018	0.779
0.190	0.148	0.572	0.090
0.201	0.720	0.003	0.076
0.967	0.012	0.001	0.020
0.195	0.020	0.020	0.765
0.567	0.082	0.207	0.144
0.610	0.024	0.111	0.255
0.141	0.449	0.232	0.178
0.775	0.030	0.010	0.185
0.630	0.137	0.156	0.077
>ATGCATATTCAA	5-ATGCATATTCAA	8.094538	-195.073489	0	T:682.0(14.89%),B:2984.1(6.62%),P:1e-84	Tpos:234.9,Tstd:162.3,Bpos:225.9,Bstd:145.4,StrandBias:-0.0,Multiplicity:1.08
0.875	0.055	0.039	0.031
0.120	0.001	0.100	0.779
0.022	0.001	0.825	0.152
0.128	0.834	0.019	0.019
0.930	0.001	0.001	0.068
0.232	0.061	0.070	0.637
0.839	0.033	0.001	0.127
0.130	0.011	0.049	0.810
0.063	0.007	0.103	0.827
0.005	0.585	0.182	0.228
0.681	0.076	0.001	0.242
0.673	0.070	0.075	0.182
>CTTTTGTTATGC	6-CTTTTGTTATGC	7.623939	-171.440335	0	T:847.0(18.49%),B:4337.7(9.62%),P:1e-74	Tpos:267.8,Tstd:207.7,Bpos:231.6,Bstd:134.3,StrandBias:0.0,Multiplicity:1.08
0.038	0.760	0.100	0.102
0.052	0.139	0.001	0.808
0.090	0.066	0.049	0.795
0.085	0.082	0.071	0.762
0.039	0.001	0.016	0.944
0.082	0.142	0.680	0.096
0.095	0.043	0.081	0.781
0.133	0.141	0.127	0.599
0.699	0.114	0.082	0.105
0.107	0.025	0.040	0.828
0.085	0.085	0.690	0.140
0.136	0.628	0.116	0.120
>GGGGTGTGGCTG	7-GGGGTGTGGCTG	9.673561	-169.550631	0	T:389.0(8.49%),B:1324.3(2.94%),P:1e-73	Tpos:292.4,Tstd:229.1,Bpos:225.3,Bstd:137.1,StrandBias:0.0,Multiplicity:1.02
0.232	0.057	0.475	0.236
0.342	0.001	0.587	0.070
0.030	0.001	0.772	0.197
0.027	0.032	0.846	0.095
0.001	0.074	0.148	0.777
0.010	0.001	0.964	0.025
0.198	0.015	0.001	0.786
0.001	0.001	0.997	0.001
0.025	0.001	0.840	0.134
0.001	0.997	0.001	0.001
0.001	0.001	0.001	0.997
0.124	0.089	0.468	0.318
>RRGGTGTGGWNW	8-RRGGTGTGGWNW	7.404536	-153.178576	0	T:353.0(7.71%),B:1203.0(2.67%),P:1e-66	Tpos:216.1,Tstd:159.9,Bpos:228.7,Bstd:130.2,StrandBias:0.0,Multiplicity:1.01
0.352	0.139	0.436	0.073
0.481	0.034	0.396	0.088
0.245	0.047	0.471	0.237
0.215	0.219	0.376	0.190
0.079	0.122	0.064	0.735
0.094	0.094	0.724	0.088
0.083	0.006	0.300	0.611
0.072	0.006	0.842	0.080
0.089	0.126	0.645	0.140
0.285	0.230	0.073	0.412
0.167	0.289	0.248	0.296
0.286	0.208	0.139	0.367
>GAATGACAATGC	9-GAATGACAATGC	7.185262	-132.172500	0	T:738.0(16.11%),B:3931.5(8.72%),P:1e-57	Tpos:263.4,Tstd:193.9,Bpos:227.7,Bstd:138.9,StrandBias:0.1,Multiplicity:1.07
0.110	0.082	0.717	0.091
0.758	0.097	0.072	0.073
0.784	0.085	0.081	0.050
0.102	0.012	0.096	0.790
0.075	0.091	0.743	0.091
0.734	0.091	0.081	0.094
0.102	0.740	0.095	0.063
0.819	0.064	0.028	0.089
0.711	0.098	0.095	0.096
0.115	0.036	0.099	0.750
0.058	0.071	0.783	0.088
0.118	0.671	0.131	0.080
>ATGAATAATGCA	10-ATGAATAATGCA	6.710434	-124.551187	0	T:1421.0(31.02%),B:9548.3(21.17%),P:1e-54	Tpos:262.8,Tstd:189.1,Bpos:228.1,Bstd:139.8,StrandBias:0.1,Multiplicity:1.21
0.743	0.093	0.082	0.082
0.126	0.031	0.083	0.760
0.078	0.066	0.776	0.080
0.773	0.089	0.064	0.074
0.768	0.086	0.079	0.067
0.097	0.085	0.100	0.718
0.708	0.100	0.101	0.091
0.769	0.078	0.070	0.083
0.095	0.034	0.078	0.793
0.101	0.079	0.725	0.095
0.107	0.702	0.100	0.091
0.762	0.086	0.043	0.109
>MABTGTGWCACA	11-MABTGTGWCACA	7.175293	-100.679097	0	T:1159.0(25.30%),B:7717.8(17.11%),P:1e-43	Tpos:262.4,Tstd:212.4,Bpos:227.7,Bstd:139.1,StrandBias:0.0,Multiplicity:1.16
0.397	0.286	0.196	0.122
0.565	0.001	0.059	0.375
0.083	0.249	0.346	0.322
0.208	0.001	0.149	0.642
0.309	0.159	0.530	0.002
0.001	0.001	0.001	0.997
0.001	0.013	0.985	0.001
0.452	0.001	0.001	0.546
0.001	0.800	0.105	0.094
0.997	0.001	0.001	0.001
0.091	0.712	0.043	0.154
0.752	0.001	0.001	0.246
>CATTGTAAATTC	12-CATTGTAAATTC	13.036886	-97.012484	0	T:27.0(0.59%),B:3.4(0.01%),P:1e-42	Tpos:212.9,Tstd:126.8,Bpos:226.4,Bstd:65.3,StrandBias:0.2,Multiplicity:1.04
0.001	0.997	0.001	0.001
0.997	0.001	0.001	0.001
0.001	0.001	0.001	0.997
0.001	0.030	0.001	0.968
0.001	0.001	0.997	0.001
0.001	0.030	0.001	0.968
0.997	0.001	0.001	0.001
0.968	0.030	0.001	0.001
0.997	0.001	0.001	0.001
0.001	0.001	0.001	0.997
0.001	0.001	0.001	0.997
0.001	0.997	0.001	0.001
>GTGACTAAGCAA	13-GTGACTAAGCAA	8.577787	-93.221905	0	T:356.0(7.77%),B:1600.7(3.55%),P:1e-40	Tpos:266.1,Tstd:207.1,Bpos:224.7,Bstd:139.7,StrandBias:-0.2,Multiplicity:1.04
0.269	0.128	0.595	0.008
0.018	0.001	0.008	0.973
0.178	0.156	0.564	0.102
0.866	0.027	0.106	0.001
0.007	0.928	0.017	0.048
0.211	0.064	0.001	0.724
0.818	0.001	0.084	0.097
0.981	0.001	0.010	0.008
0.196	0.001	0.739	0.064
0.119	0.712	0.128	0.041
0.671	0.228	0.001	0.100
0.481	0.186	0.146	0.187
>GCCCTGCCCTGT	14-GCCCTGCCCTGT	8.036997	-89.405983	0	T:729.0(15.91%),B:4377.2(9.71%),P:1e-38	Tpos:290.0,Tstd:209.4,Bpos:226.7,Bstd:138.2,StrandBias:-0.0,Multiplicity:1.13
0.156	0.106	0.594	0.144
0.068	0.744	0.095	0.093
0.114	0.748	0.020	0.118
0.094	0.753	0.016	0.137
0.071	0.014	0.032	0.883
0.074	0.119	0.684	0.123
0.023	0.782	0.087	0.108
0.090	0.775	0.001	0.134
0.080	0.807	0.003	0.110
0.153	0.020	0.001	0.826
0.051	0.078	0.723	0.148
0.078	0.116	0.120	0.686
>GGCAGVCTGCCA	15-GGCAGVCTGCCA	7.565830	-73.465842	0	T:910.0(19.86%),B:6101.2(13.53%),P:1e-31	Tpos:292.6,Tstd:220.5,Bpos:230.1,Bstd:144.6,StrandBias:-0.0,Multiplicity:1.18
0.263	0.023	0.512	0.202
0.037	0.074	0.838	0.051
0.139	0.729	0.103	0.029
0.579	0.001	0.001	0.419
0.002	0.106	0.781	0.111
0.249	0.372	0.238	0.141
0.093	0.780	0.070	0.057
0.351	0.001	0.017	0.631
0.014	0.090	0.717	0.179
0.117	0.578	0.175	0.130
0.311	0.586	0.001	0.102
0.493	0.142	0.075	0.290
>TGGTTGCCAWGG	16-TGGTTGCCAWGG	10.409968	-63.443782	0	T:122.0(2.66%),B:368.8(0.82%),P:1e-27	Tpos:246.2,Tstd:168.8,Bpos:216.9,Bstd:129.7,StrandBias:-0.8,Multiplicity:1.01
0.018	0.125	0.134	0.723
0.045	0.093	0.541	0.321
0.089	0.001	0.909	0.001
0.001	0.028	0.001	0.970
0.053	0.001	0.001	0.945
0.029	0.038	0.809	0.124
0.001	0.997	0.001	0.001
0.001	0.683	0.001	0.315
0.954	0.001	0.001	0.044
0.371	0.090	0.033	0.506
0.037	0.001	0.961	0.001
0.044	0.001	0.954	0.001
>GTATTGCATTAT	17-GTATTGCATTAT	9.556247	-52.381834	0	T:25.0(0.55%),B:13.8(0.03%),P:1e-22	Tpos:188.1,Tstd:68.9,Bpos:187.8,Bstd:123.2,StrandBias:1.3,Multiplicity:1.00
0.001	0.001	0.997	0.001
0.001	0.001	0.001	0.997
0.997	0.001	0.001	0.001
0.001	0.001	0.001	0.997
0.001	0.001	0.001	0.997
0.001	0.001	0.997	0.001
0.001	0.885	0.001	0.113
0.997	0.001	0.001	0.001
0.001	0.001	0.001	0.997
0.001	0.001	0.001	0.997
0.967	0.001	0.031	0.001
0.103	0.001	0.001	0.895
>GCCCAGCCCAGC	18-GCCCAGCCCAGC	-0.330585	-46.549455	0	T:660.0(14.41%),B:4522.6(10.03%),P:1e-20	Tpos:312.7,Tstd:234.2,Bpos:226.9,Bstd:148.6,StrandBias:-0.1,Multiplicity:1.20
0.001	0.001	0.997	0.001
0.001	0.997	0.001	0.001
0.001	0.960	0.001	0.038
0.001	0.997	0.001	0.001
0.997	0.001	0.001	0.001
0.001	0.001	0.997	0.001
0.001	0.997	0.001	0.001
0.044	0.916	0.039	0.001
0.001	0.997	0.001	0.001
0.997	0.001	0.001	0.001
0.001	0.001	0.997	0.001
0.001	0.997	0.001	0.001
>TTCTAACTAGGG	19-TTCTAACTAGGG	12.355432	-31.236776	0	T:10.0(0.22%),B:2.8(0.01%),P:1e-13	Tpos:164.6,Tstd:124.8,Bpos:243.8,Bstd:107.4,StrandBias:0.0,Multiplicity:1.00
0.100	0.100	0.100	0.700
0.100	0.100	0.100	0.700
0.100	0.700	0.100	0.100
0.100	0.100	0.100	0.700
0.700	0.100	0.100	0.100
0.700	0.100	0.100	0.100
0.100	0.700	0.100	0.100
0.100	0.100	0.100	0.700
0.700	0.100	0.100	0.100
0.100	0.100	0.700	0.100
0.100	0.100	0.700	0.100
0.100	0.100	0.700	0.100
>TGTTAATACAGC	20-TGTTAATACAGC	10.851991	-15.111462	0	T:8.0(0.17%),B:6.7(0.01%),P:1e-6	Tpos:269.7,Tstd:158.4,Bpos:298.7,Bstd:116.7,StrandBias:3.2,Multiplicity:2.62
0.001	0.001	0.001	0.997
0.001	0.001	0.997	0.001
0.058	0.001	0.001	0.940
0.001	0.001	0.001	0.997
0.940	0.001	0.058	0.001
0.997	0.001	0.001	0.001
0.001	0.001	0.001	0.997
0.940	0.058	0.001	0.001
0.001	0.997	0.001	0.001
0.997	0.001	0.001	0.001
0.001	0.001	0.997	0.001
0.001	0.997	0.001	0.001
>ATTCTATTCTAT	21-ATTCTATTCTAT	9.694726	-9.457046	0	T:10.0(0.22%),B:21.2(0.05%),P:1e-4	Tpos:183.8,Tstd:115.0,Bpos:227.8,Bstd:122.3,StrandBias:0.0,Multiplicity:1.00
0.997	0.001	0.001	0.001
0.001	0.001	0.001	0.997
0.001	0.001	0.001	0.997
0.001	0.997	0.001	0.001
0.001	0.001	0.001	0.997
0.997	0.001	0.001	0.001
0.001	0.001	0.001	0.997
0.001	0.001	0.001	0.997
0.001	0.997	0.001	0.001
0.001	0.001	0.001	0.997
0.944	0.054	0.001	0.001
0.001	0.001	0.001	0.997
>TAAGCACAGGGC	22-TAAGCACAGGGC	2.789976	-7.916674	0	T:62.0(1.35%),B:383.2(0.85%),P:1e-3	Tpos:243.8,Tstd:165.1,Bpos:218.1,Bstd:132.8,StrandBias:-0.2,Multiplicity:1.21
0.001	0.001	0.001	0.997
0.997	0.001	0.001	0.001
0.997	0.001	0.001	0.001
0.001	0.001	0.997	0.001
0.001	0.997	0.001	0.001
0.997	0.001	0.001	0.001
0.001	0.932	0.001	0.066
0.997	0.001	0.001	0.001
0.001	0.001	0.997	0.001
0.001	0.001	0.997	0.001
0.001	0.001	0.997	0.001
0.001	0.997	0.001	0.001
>TGTAAGGGAATA	23-TGTAAGGGAATA	12.355432	-4.015262	0	T:2.0(0.04%),B:2.7(0.01%),P:1e-1	Tpos:284.9,Tstd:165.7,Bpos:278.5,Bstd:117.5,StrandBias:10.0,Multiplicity:7.50
0.100	0.100	0.100	0.700
0.100	0.100	0.700	0.100
0.100	0.100	0.100	0.700
0.700	0.100	0.100	0.100
0.700	0.100	0.100	0.100
0.100	0.100	0.700	0.100
0.100	0.100	0.700	0.100
0.100	0.100	0.700	0.100
0.700	0.100	0.100	0.100
0.700	0.100	0.100	0.100
0.100	0.100	0.100	0.700
0.700	0.100	0.100	0.100
>AKMTACATCTAC	24-AKMTACATCTAC	14.116455	-3.270564	0	T:2.0(0.04%),B:3.4(0.01%),P:1e-1	Tpos:138.0,Tstd:44.1,Bpos:188.1,Bstd:81.3,StrandBias:10.0,Multiplicity:8.00
0.997	0.001	0.001	0.001
0.001	0.001	0.479	0.519
0.480	0.426	0.092	0.002
0.091	0.001	0.001	0.907
0.997	0.001	0.001	0.001
0.001	0.997	0.001	0.001
0.997	0.001	0.001	0.001
0.001	0.001	0.001	0.997
0.183	0.815	0.001	0.001
0.299	0.001	0.001	0.699
0.789	0.002	0.001	0.208
0.001	0.907	0.001	0.091
>CCTAACCTCCAT	25-CCTAACCTCCAT	12.355432	-1.458025	0	T:2.0(0.04%),B:9.0(0.02%),P:1e0	Tpos:326.1,Tstd:195.0,Bpos:218.1,Bstd:133.3,StrandBias:-4.4,Multiplicity:11.00
0.100	0.700	0.100	0.100
0.100	0.700	0.100	0.100
0.100	0.100	0.100	0.700
0.700	0.100	0.100	0.100
0.700	0.100	0.100	0.100
0.100	0.700	0.100	0.100
0.100	0.700	0.100	0.100
0.100	0.100	0.100	0.700
0.100	0.700	0.100	0.100
0.100	0.700	0.100	0.100
0.700	0.100	0.100	0.100
0.100	0.100	0.100	0.700
