>TGASTCATCG	1-TGASTCATCG	7.052819	-1235.732490	0	T:1614.0(35.23%),B:3945.3(8.75%),P:1e-536	Tpos:285.4,Tstd:200.3,Bpos:228.5,Bstd:138.6,StrandBias:0.0,Multiplicity:1.17
0.032	0.033	0.035	0.900
0.044	0.038	0.839	0.079
0.881	0.040	0.032	0.047
0.082	0.455	0.378	0.085
0.052	0.032	0.041	0.875
0.098	0.838	0.031	0.033
0.905	0.033	0.032	0.030
0.070	0.266	0.178	0.486
0.218	0.401	0.149	0.232
0.161	0.261	0.418	0.160
>WGGGTGTGGC	2-WGGGTGTGGC	8.150269	-1078.097584	0	T:1727.0(37.70%),B:5091.5(11.29%),P:1e-468	Tpos:244.9,Tstd:172.9,Bpos:229.2,Bstd:134.8,StrandBias:-0.1,Multiplicity:1.31
0.439	0.037	0.101	0.422
0.076	0.009	0.903	0.012
0.001	0.007	0.991	0.001
0.001	0.001	0.993	0.005
0.113	0.045	0.002	0.840
0.007	0.003	0.980	0.010
0.030	0.019	0.232	0.719
0.075	0.026	0.884	0.015
0.080	0.048	0.702	0.170
0.103	0.549	0.063	0.285
>GMCMCGCCCT	3-GMCMCGCCCT	5.645973	-906.437594	0	T:3229.0(70.49%),B:17793.3(39.45%),P:1e-393	Tpos:290.3,Tstd:222.1,Bpos:226.5,Bstd:134.1,StrandBias:-0.0,Multiplicity:1.63
0.230	0.152	0.438	0.179
0.257	0.369	0.175	0.198
0.161	0.445	0.145	0.249
0.316	0.443	0.098	0.143
0.156	0.638	0.067	0.139
0.263	0.033	0.445	0.260
0.008	0.962	0.001	0.029
0.006	0.942	0.007	0.045
0.024	0.684	0.054	0.238
0.279	0.163	0.117	0.441
>ATTAYTCATH	4-ATTAYTCATH	7.983647	-581.401087	0	T:996.0(21.74%),B:2882.9(6.39%),P:1e-252	Tpos:250.3,Tstd:171.0,Bpos:227.9,Bstd:136.5,StrandBias:-0.2,Multiplicity:1.04
0.491	0.256	0.252	0.001
0.152	0.014	0.001	0.833
0.071	0.001	0.330	0.598
0.802	0.114	0.083	0.001
0.119	0.413	0.001	0.467
0.001	0.001	0.001	0.997
0.001	0.997	0.001	0.001
0.959	0.039	0.001	0.001
0.001	0.230	0.001	0.768
0.302	0.313	0.033	0.352
>GGGTGTTAGC	5-GGGTGTTAGC	5.296063	-434.995115	0	T:1610.0(35.15%),B:7709.0(17.09%),P:1e-188	Tpos:285.5,Tstd:225.1,Bpos:229.7,Bstd:136.3,StrandBias:-0.1,Multiplicity:1.18
0.001	0.001	0.997	0.001
0.001	0.001	0.997	0.001
0.001	0.001	0.997	0.001
0.148	0.137	0.001	0.714
0.001	0.001	0.997	0.001
0.001	0.001	0.231	0.767
0.157	0.001	0.255	0.587
0.424	0.054	0.261	0.261
0.084	0.012	0.698	0.206
0.001	0.997	0.001	0.001
>GTGACACACT	6-GTGACACACT	6.684022	-411.319828	0	T:1929.0(42.11%),B:10399.0(23.06%),P:1e-178	Tpos:264.8,Tstd:216.3,Bpos:228.1,Bstd:137.5,StrandBias:0.0,Multiplicity:1.18
0.248	0.001	0.749	0.002
0.088	0.001	0.001	0.910
0.001	0.047	0.931	0.021
0.716	0.068	0.001	0.215
0.055	0.890	0.001	0.054
0.518	0.001	0.118	0.363
0.003	0.757	0.123	0.117
0.517	0.337	0.026	0.120
0.236	0.394	0.181	0.188
0.255	0.159	0.001	0.585
>TATGCATAWB	7-TATGCATAWB	5.882698	-332.640568	0	T:1876.0(40.95%),B:10729.8(23.79%),P:1e-144	Tpos:253.6,Tstd:183.7,Bpos:228.6,Bstd:145.2,StrandBias:0.0,Multiplicity:1.34
0.203	0.201	0.064	0.532
0.623	0.074	0.049	0.254
0.091	0.025	0.006	0.878
0.087	0.029	0.632	0.252
0.235	0.697	0.009	0.059
0.760	0.015	0.022	0.203
0.286	0.042	0.063	0.609
0.622	0.067	0.174	0.137
0.278	0.168	0.180	0.374
0.144	0.299	0.233	0.324
>TGMATRACAA	8-TGMATRACAA	6.964656	-323.777213	0	T:1588.0(34.66%),B:8489.2(18.82%),P:1e-140	Tpos:277.9,Tstd:209.9,Bpos:227.9,Bstd:138.3,StrandBias:0.0,Multiplicity:1.21
0.249	0.161	0.081	0.509
0.105	0.263	0.565	0.067
0.443	0.456	0.001	0.099
0.809	0.166	0.001	0.024
0.001	0.001	0.001	0.997
0.422	0.167	0.282	0.129
0.997	0.001	0.001	0.001
0.081	0.564	0.131	0.224
0.997	0.001	0.001	0.001
0.588	0.219	0.192	0.001
>DACAAARGVA	9-DACAAARGVA	6.685897	-280.359582	0	T:1478.0(32.26%),B:8048.0(17.84%),P:1e-121	Tpos:270.7,Tstd:201.8,Bpos:229.7,Bstd:136.4,StrandBias:-0.1,Multiplicity:1.22
0.298	0.122	0.307	0.273
0.997	0.001	0.001	0.001
0.001	0.997	0.001	0.001
0.997	0.001	0.001	0.001
0.997	0.001	0.001	0.001
0.638	0.001	0.001	0.360
0.553	0.001	0.445	0.001
0.001	0.001	0.997	0.001
0.367	0.320	0.313	0.001
0.597	0.315	0.087	0.001
>NWTTHRCATN	10-NWTTHRCATN	6.007037	-225.911259	0	T:1961.0(42.81%),B:12723.9(28.21%),P:1e-98	Tpos:264.5,Tstd:207.3,Bpos:227.8,Bstd:139.5,StrandBias:-0.0,Multiplicity:1.30
0.263	0.267	0.303	0.167
0.442	0.115	0.050	0.393
0.069	0.044	0.068	0.819
0.019	0.261	0.048	0.672
0.283	0.317	0.013	0.387
0.353	0.225	0.404	0.019
0.104	0.769	0.053	0.074
0.797	0.050	0.100	0.053
0.111	0.109	0.057	0.723
0.278	0.261	0.228	0.233
>CSCCACCCAT	11-CSCCACCCAT	7.525703	-209.908709	0	T:736.0(16.07%),B:3235.4(7.17%),P:1e-91	Tpos:270.8,Tstd:218.7,Bpos:226.8,Bstd:132.6,StrandBias:0.4,Multiplicity:1.06
0.001	0.997	0.001	0.001
0.066	0.433	0.341	0.160
0.044	0.729	0.226	0.001
0.001	0.997	0.001	0.001
0.678	0.001	0.320	0.001
0.001	0.997	0.001	0.001
0.001	0.997	0.001	0.001
0.001	0.566	0.060	0.373
0.805	0.129	0.001	0.065
0.001	0.001	0.001	0.997
>ATGACTAATG	12-ATGACTAATG	5.757020	-170.895386	0	T:298.0(6.51%),B:831.3(1.84%),P:1e-74	Tpos:286.0,Tstd:209.2,Bpos:228.6,Bstd:136.4,StrandBias:0.2,Multiplicity:1.03
0.853	0.001	0.145	0.001
0.001	0.001	0.001	0.997
0.001	0.001	0.997	0.001
0.997	0.001	0.001	0.001
0.001	0.997	0.001	0.001
0.001	0.001	0.001	0.997
0.997	0.001	0.001	0.001
0.997	0.001	0.001	0.001
0.001	0.213	0.210	0.576
0.024	0.181	0.535	0.260
>BGCATTGTTH	13-BGCATTGTTH	6.956289	-148.151305	0	T:1387.0(30.28%),B:8890.0(19.71%),P:1e-64	Tpos:280.3,Tstd:213.5,Bpos:231.5,Bstd:137.7,StrandBias:-0.0,Multiplicity:1.18
0.146	0.278	0.273	0.303
0.131	0.040	0.631	0.198
0.083	0.835	0.010	0.072
0.715	0.008	0.001	0.276
0.013	0.017	0.036	0.934
0.030	0.026	0.012	0.932
0.029	0.243	0.702	0.026
0.001	0.007	0.014	0.978
0.043	0.088	0.121	0.748
0.263	0.303	0.121	0.313
>YTWTGAAAGG	14-YTWTGAAAGG	4.931995	-114.059769	0	T:673.0(14.69%),B:3644.9(8.08%),P:1e-49	Tpos:278.7,Tstd:213.9,Bpos:232.6,Bstd:139.0,StrandBias:-0.1,Multiplicity:1.09
0.211	0.344	0.001	0.444
0.001	0.001	0.001	0.997
0.398	0.001	0.240	0.361
0.001	0.001	0.001	0.997
0.001	0.001	0.997	0.001
0.997	0.001	0.001	0.001
0.997	0.001	0.001	0.001
0.752	0.001	0.001	0.246
0.001	0.001	0.997	0.001
0.077	0.176	0.746	0.001
>GNAAKGAATD	15-GNAAKGAATD	6.660464	-99.368932	0	T:1808.0(39.47%),B:13465.0(29.85%),P:1e-43	Tpos:260.0,Tstd:205.8,Bpos:226.9,Bstd:140.3,StrandBias:-0.0,Multiplicity:1.27
0.333	0.126	0.540	0.001
0.220	0.182	0.317	0.281
0.486	0.261	0.187	0.067
0.557	0.222	0.001	0.220
0.040	0.023	0.533	0.404
0.001	0.001	0.997	0.001
0.997	0.001	0.001	0.001
0.899	0.099	0.001	0.001
0.001	0.001	0.001	0.997
0.350	0.105	0.336	0.209
>AAACCACAGS	16-AAACCACAGS	9.391928	-92.940864	0	T:203.0(4.43%),B:666.7(1.48%),P:1e-40	Tpos:261.5,Tstd:214.1,Bpos:229.5,Bstd:135.5,StrandBias:-0.3,Multiplicity:1.01
0.639	0.056	0.001	0.304
0.776	0.014	0.001	0.209
0.986	0.001	0.012	0.001
0.001	0.970	0.025	0.004
0.001	0.994	0.001	0.004
0.589	0.001	0.409	0.001
0.001	0.920	0.001	0.078
0.787	0.075	0.078	0.060
0.216	0.001	0.751	0.032
0.022	0.405	0.541	0.032
>ACHATTGTAA	17-ACHATTGTAA	8.673204	-88.657544	0	T:269.0(5.87%),B:1076.4(2.39%),P:1e-38	Tpos:239.4,Tstd:180.6,Bpos:222.5,Bstd:135.9,StrandBias:-0.0,Multiplicity:1.01
0.656	0.001	0.278	0.065
0.001	0.843	0.155	0.001
0.381	0.352	0.001	0.266
0.997	0.001	0.001	0.001
0.001	0.001	0.001	0.997
0.142	0.001	0.001	0.856
0.001	0.001	0.997	0.001
0.001	0.001	0.035	0.963
0.725	0.001	0.001	0.273
0.715	0.283	0.001	0.001
>AGCCCAGCCC	18-AGCCCAGCCC	3.811486	-84.746049	0	T:977.0(21.33%),B:6462.9(14.33%),P:1e-36	Tpos:290.6,Tstd:218.5,Bpos:226.6,Bstd:138.5,StrandBias:0.0,Multiplicity:1.40
0.997	0.001	0.001	0.001
0.001	0.001	0.997	0.001
0.001	0.997	0.001	0.001
0.001	0.944	0.001	0.054
0.001	0.997	0.001	0.001
0.997	0.001	0.001	0.001
0.048	0.001	0.950	0.001
0.001	0.997	0.001	0.001
0.001	0.969	0.029	0.001
0.001	0.997	0.001	0.001
>GTTGCCATGG	19-GTTGCCATGG	8.999235	-76.825441	0	T:165.0(3.60%),B:536.0(1.19%),P:1e-33	Tpos:277.2,Tstd:221.0,Bpos:227.4,Bstd:138.0,StrandBias:0.0,Multiplicity:1.00
0.039	0.001	0.959	0.001
0.001	0.001	0.001	0.997
0.001	0.001	0.001	0.997
0.049	0.093	0.640	0.218
0.001	0.984	0.001	0.014
0.001	0.915	0.001	0.083
0.997	0.001	0.001	0.001
0.001	0.001	0.001	0.997
0.001	0.001	0.997	0.001
0.001	0.001	0.997	0.001
>ATGABGTCAT	20-ATGABGTCAT	8.571887	-75.053045	0	T:330.0(7.20%),B:1578.8(3.50%),P:1e-32	Tpos:249.6,Tstd:166.4,Bpos:226.7,Bstd:137.4,StrandBias:0.1,Multiplicity:1.04
0.513	0.267	0.219	0.001
0.001	0.127	0.001	0.871
0.001	0.001	0.904	0.094
0.997	0.001	0.001	0.001
0.080	0.302	0.376	0.241
0.072	0.293	0.588	0.047
0.001	0.001	0.001	0.997
0.179	0.819	0.001	0.001
0.997	0.001	0.001	0.001
0.037	0.001	0.009	0.953
>GCAGCCWGCC	21-GCAGCCWGCC	7.073350	-63.995174	0	T:1127.0(24.60%),B:8149.5(18.07%),P:1e-27	Tpos:286.7,Tstd:228.3,Bpos:226.6,Bstd:142.6,StrandBias:-0.0,Multiplicity:1.21
0.101	0.033	0.838	0.028
0.188	0.677	0.107	0.028
0.628	0.012	0.012	0.348
0.098	0.041	0.806	0.055
0.074	0.518	0.365	0.043
0.024	0.895	0.060	0.021
0.437	0.011	0.046	0.506
0.017	0.122	0.733	0.128
0.064	0.836	0.034	0.066
0.176	0.683	0.004	0.137
>CCACACCTCY	22-CCACACCTCY	9.895749	-59.463427	0	T:286.0(6.24%),B:1419.7(3.15%),P:1e-25	Tpos:280.0,Tstd:225.5,Bpos:225.3,Bstd:132.4,StrandBias:0.2,Multiplicity:1.03
0.001	0.952	0.046	0.001
0.001	0.976	0.001	0.022
0.754	0.241	0.004	0.001
0.001	0.997	0.001	0.001
0.695	0.001	0.303	0.001
0.001	0.997	0.001	0.001
0.001	0.997	0.001	0.001
0.001	0.014	0.141	0.844
0.152	0.846	0.001	0.001
0.126	0.379	0.108	0.386
>TCCTAGTTGM	23-TCCTAGTTGM	11.386601	-25.094099	0	T:58.0(1.27%),B:204.1(0.45%),P:1e-10	Tpos:172.4,Tstd:115.9,Bpos:220.1,Bstd:125.9,StrandBias:-0.6,Multiplicity:1.02
0.001	0.001	0.001	0.997
0.001	0.997	0.001	0.001
0.001	0.997	0.001	0.001
0.001	0.001	0.296	0.702
0.775	0.001	0.223	0.001
0.001	0.001	0.997	0.001
0.001	0.275	0.001	0.723
0.001	0.001	0.001	0.997
0.001	0.001	0.997	0.001
0.426	0.572	0.001	0.001
>ATTCTATGCT	24-ATTCTATGCT	10.694026	-16.101578	0	T:38.0(0.83%),B:139.9(0.31%),P:1e-6	Tpos:226.0,Tstd:162.6,Bpos:241.4,Bstd:133.8,StrandBias:0.3,Multiplicity:1.50
0.997	0.001	0.001	0.001
0.124	0.001	0.099	0.776
0.400	0.001	0.001	0.598
0.001	0.997	0.001	0.001
0.001	0.001	0.001	0.997
0.997	0.001	0.001	0.001
0.001	0.001	0.001	0.997
0.001	0.001	0.838	0.160
0.001	0.997	0.001	0.001
0.001	0.001	0.309	0.689
>GTATTGTATT	25-GTATTGTATT	10.296193	-12.862932	0	T:12.0(0.26%),B:21.6(0.05%),P:1e-5	Tpos:197.8,Tstd:48.4,Bpos:265.3,Bstd:157.2,StrandBias:3.1,Multiplicity:2.64
0.100	0.100	0.700	0.100
0.100	0.100	0.100	0.700
0.700	0.100	0.100	0.100
0.100	0.100	0.100	0.700
0.100	0.100	0.100	0.700
0.100	0.100	0.700	0.100
0.100	0.100	0.100	0.700
0.700	0.100	0.100	0.100
0.100	0.100	0.100	0.700
0.100	0.100	0.100	0.700
