>RTGASTCABNNN	1-RTGASTCABNNN	7.640329	-5069.462584	0	T:3140.0(68.80%),B:3766.9(8.41%),P:1e-2201	Tpos:221.9,Tstd:137.6,Bpos:211.4,Bstd:136.6,StrandBias:-0.0,Multiplicity:1.33
0.369	0.214	0.307	0.110
0.001	0.001	0.001	0.997
0.001	0.001	0.755	0.243
0.996	0.001	0.001	0.002
0.095	0.360	0.400	0.145
0.002	0.001	0.001	0.996
0.258	0.740	0.001	0.001
0.997	0.001	0.001	0.001
0.108	0.322	0.228	0.342
0.268	0.276	0.203	0.253
0.247	0.262	0.270	0.221
0.204	0.192	0.307	0.297
>BMTKAGTCABHV	2-BMTKAGTCABHV	7.452004	-3183.818179	0	T:3215.0(70.44%),B:7605.1(16.99%),P:1e-1382	Tpos:238.2,Tstd:170.2,Bpos:206.8,Bstd:133.2,StrandBias:-0.0,Multiplicity:1.19
0.160	0.210	0.304	0.326
0.341	0.463	0.001	0.195
0.010	0.015	0.001	0.974
0.013	0.050	0.505	0.432
0.826	0.001	0.001	0.172
0.219	0.221	0.396	0.164
0.001	0.001	0.001	0.997
0.001	0.997	0.001	0.001
0.997	0.001	0.001	0.001
0.001	0.348	0.340	0.311
0.324	0.367	0.001	0.308
0.255	0.245	0.332	0.169
>TGAGTCATGCTA	3-TGAGTCATGCTA	7.914189	-472.290795	0	T:885.0(19.39%),B:2704.8(6.04%),P:1e-205	Tpos:227.3,Tstd:172.1,Bpos:200.8,Bstd:130.4,StrandBias:-0.0,Multiplicity:1.04
0.110	0.001	0.086	0.803
0.100	0.116	0.667	0.117
0.893	0.001	0.001	0.105
0.078	0.121	0.721	0.080
0.155	0.024	0.087	0.734
0.117	0.678	0.103	0.102
0.806	0.081	0.001	0.112
0.125	0.001	0.031	0.843
0.010	0.005	0.883	0.102
0.118	0.744	0.001	0.137
0.155	0.135	0.001	0.709
0.547	0.142	0.150	0.161
>NRCATTCCTDDN	4-NRCATTCCTDDN	7.340123	-463.030317	0	T:1727.0(37.84%),B:8345.7(18.64%),P:1e-201	Tpos:235.6,Tstd:170.1,Bpos:207.8,Bstd:128.3,StrandBias:0.1,Multiplicity:1.27
0.299	0.203	0.211	0.287
0.439	0.035	0.386	0.139
0.292	0.563	0.144	0.001
0.997	0.001	0.001	0.001
0.001	0.001	0.001	0.997
0.001	0.001	0.001	0.997
0.030	0.834	0.019	0.117
0.005	0.795	0.001	0.199
0.356	0.036	0.001	0.607
0.229	0.119	0.349	0.304
0.278	0.125	0.245	0.351
0.184	0.292	0.323	0.201
>DACCACARDNNN	5-DACCACARDNNN	7.838778	-294.280592	0	T:1389.0(30.43%),B:7199.9(16.08%),P:1e-127	Tpos:238.7,Tstd:167.7,Bpos:205.4,Bstd:127.1,StrandBias:-0.0,Multiplicity:1.23
0.370	0.110	0.291	0.229
0.520	0.197	0.282	0.001
0.001	0.922	0.076	0.001
0.001	0.997	0.001	0.001
0.985	0.008	0.001	0.006
0.001	0.997	0.001	0.001
0.997	0.001	0.001	0.001
0.365	0.147	0.487	0.001
0.337	0.183	0.221	0.258
0.288	0.285	0.249	0.178
0.316	0.232	0.197	0.254
0.257	0.219	0.196	0.328
>RTGACVTCATCM	6-RTGACVTCATCM	8.048567	-224.124284	0	T:609.0(13.34%),B:2317.7(5.18%),P:1e-97	Tpos:237.5,Tstd:168.9,Bpos:211.5,Bstd:136.7,StrandBias:0.0,Multiplicity:1.07
0.470	0.162	0.366	0.001
0.092	0.001	0.001	0.906
0.001	0.001	0.778	0.220
0.958	0.001	0.022	0.019
0.108	0.450	0.243	0.199
0.229	0.271	0.371	0.128
0.056	0.011	0.014	0.919
0.032	0.871	0.096	0.001
0.866	0.001	0.001	0.132
0.083	0.254	0.251	0.412
0.192	0.412	0.161	0.235
0.260	0.373	0.190	0.177
>GTGACTCGCACA	7-GTGACTCGCACA	9.721045	-191.822412	0	T:214.0(4.69%),B:392.3(0.88%),P:1e-83	Tpos:182.4,Tstd:115.8,Bpos:204.5,Bstd:133.1,StrandBias:-0.1,Multiplicity:1.01
0.001	0.154	0.728	0.117
0.037	0.001	0.128	0.834
0.037	0.141	0.821	0.001
0.890	0.059	0.050	0.001
0.147	0.837	0.001	0.015
0.048	0.028	0.037	0.887
0.156	0.712	0.079	0.053
0.223	0.066	0.598	0.113
0.001	0.852	0.146	0.001
0.727	0.075	0.073	0.125
0.045	0.881	0.073	0.001
0.925	0.001	0.001	0.073
>YNMGTCATCKBN	8-YNMGTCATCKBN	6.155364	-175.223256	0	T:623.0(13.65%),B:2729.7(6.10%),P:1e-76	Tpos:237.1,Tstd:166.2,Bpos:208.3,Bstd:132.5,StrandBias:0.1,Multiplicity:1.06
0.161	0.398	0.181	0.261
0.299	0.219	0.203	0.279
0.363	0.358	0.140	0.140
0.041	0.061	0.798	0.100
0.100	0.140	0.140	0.620
0.180	0.640	0.120	0.060
0.719	0.041	0.159	0.081
0.199	0.100	0.080	0.621
0.100	0.719	0.061	0.120
0.140	0.120	0.298	0.442
0.160	0.322	0.299	0.219
0.260	0.280	0.160	0.300
>AGTTACTCAGCC	9-AGTTACTCAGCC	7.654651	-149.602575	0	T:449.0(9.84%),B:1789.7(4.00%),P:1e-64	Tpos:266.4,Tstd:206.9,Bpos:209.2,Bstd:130.8,StrandBias:0.0,Multiplicity:1.02
0.788	0.037	0.085	0.090
0.085	0.066	0.739	0.110
0.109	0.079	0.085	0.727
0.095	0.130	0.085	0.690
0.674	0.099	0.111	0.116
0.062	0.788	0.069	0.081
0.106	0.099	0.029	0.766
0.083	0.749	0.090	0.078
0.845	0.025	0.023	0.107
0.084	0.079	0.756	0.081
0.105	0.735	0.071	0.089
0.116	0.742	0.036	0.106
>ATGAGWCATYTC	10-ATGAGWCATYTC	9.150526	-144.897861	0	T:194.0(4.25%),B:428.7(0.96%),P:1e-62	Tpos:245.8,Tstd:160.4,Bpos:207.0,Bstd:130.5,StrandBias:-0.2,Multiplicity:1.00
0.879	0.031	0.048	0.042
0.042	0.015	0.382	0.561
0.178	0.268	0.533	0.021
0.893	0.032	0.039	0.036
0.065	0.292	0.597	0.046
0.390	0.040	0.234	0.335
0.291	0.441	0.018	0.250
0.770	0.061	0.025	0.144
0.042	0.035	0.067	0.856
0.103	0.339	0.179	0.379
0.305	0.036	0.015	0.644
0.038	0.767	0.150	0.045
>TGCGTCATACTT	11-TGCGTCATACTT	7.304295	-110.080876	0	T:701.0(15.36%),B:3885.7(8.68%),P:1e-47	Tpos:238.0,Tstd:181.9,Bpos:209.5,Bstd:128.8,StrandBias:-0.0,Multiplicity:1.07
0.031	0.005	0.064	0.900
0.104	0.059	0.761	0.076
0.081	0.536	0.147	0.236
0.179	0.163	0.475	0.182
0.083	0.047	0.087	0.783
0.068	0.839	0.056	0.037
0.808	0.110	0.001	0.081
0.049	0.078	0.074	0.799
0.740	0.081	0.041	0.138
0.064	0.749	0.080	0.107
0.095	0.066	0.009	0.830
0.076	0.088	0.088	0.748
>GCTATTTTTAGC	12-GCTATTTTTAGC	9.154599	-81.599702	0	T:161.0(3.53%),B:491.3(1.10%),P:1e-35	Tpos:225.8,Tstd:176.2,Bpos:208.4,Bstd:126.8,StrandBias:-0.3,Multiplicity:1.03
0.151	0.094	0.672	0.083
0.082	0.808	0.037	0.073
0.040	0.117	0.001	0.842
0.881	0.037	0.065	0.017
0.047	0.034	0.001	0.918
0.025	0.047	0.023	0.905
0.070	0.095	0.023	0.812
0.159	0.071	0.047	0.723
0.071	0.088	0.047	0.794
0.928	0.001	0.070	0.001
0.088	0.047	0.823	0.042
0.097	0.790	0.041	0.072
>CGGTTGCCATAG	13-CGGTTGCCATAG	7.685163	-46.662392	0	T:354.0(7.76%),B:2054.0(4.59%),P:1e-20	Tpos:246.5,Tstd:183.8,Bpos:199.9,Bstd:126.1,StrandBias:-0.1,Multiplicity:1.04
0.159	0.533	0.160	0.148
0.129	0.056	0.642	0.173
0.049	0.104	0.771	0.076
0.080	0.088	0.054	0.778
0.059	0.021	0.097	0.823
0.051	0.104	0.748	0.097
0.071	0.794	0.043	0.092
0.072	0.849	0.004	0.075
0.830	0.057	0.026	0.087
0.112	0.083	0.118	0.687
0.716	0.048	0.155	0.081
0.070	0.057	0.832	0.041
>GGAGCCTGCCAG	14-GGAGCCTGCCAG	8.456300	-45.889853	0	T:231.0(5.06%),B:1164.6(2.60%),P:1e-19	Tpos:270.3,Tstd:200.8,Bpos:202.8,Bstd:124.9,StrandBias:-0.1,Multiplicity:1.06
0.138	0.068	0.660	0.134
0.136	0.146	0.621	0.097
0.687	0.069	0.123	0.121
0.125	0.108	0.649	0.118
0.127	0.618	0.134	0.121
0.111	0.685	0.075	0.129
0.146	0.064	0.068	0.722
0.078	0.134	0.670	0.118
0.117	0.632	0.134	0.117
0.117	0.692	0.075	0.116
0.706	0.072	0.075	0.147
0.125	0.107	0.659	0.109
>TCCCTGCCAAAA	15-TCCCTGCCAAAA	9.532381	-39.575363	0	T:143.0(3.13%),B:627.9(1.40%),P:1e-17	Tpos:238.1,Tstd:173.2,Bpos:203.6,Bstd:122.9,StrandBias:-0.2,Multiplicity:1.00
0.035	0.025	0.055	0.885
0.040	0.762	0.063	0.135
0.063	0.792	0.007	0.138
0.058	0.860	0.015	0.067
0.103	0.024	0.008	0.865
0.047	0.057	0.824	0.072
0.075	0.816	0.061	0.048
0.047	0.906	0.013	0.034
0.787	0.117	0.001	0.095
0.871	0.050	0.041	0.038
0.823	0.103	0.060	0.014
0.814	0.055	0.066	0.065
>AGGCAGCCTGCC	16-AGGCAGCCTGCC	9.641311	-39.557305	0	T:147.0(3.22%),B:653.6(1.46%),P:1e-17	Tpos:241.5,Tstd:161.6,Bpos:207.4,Bstd:123.4,StrandBias:0.4,Multiplicity:1.03
0.804	0.035	0.075	0.086
0.044	0.018	0.889	0.049
0.092	0.080	0.801	0.027
0.049	0.890	0.049	0.012
0.868	0.022	0.044	0.066
0.054	0.048	0.820	0.078
0.055	0.806	0.093	0.046
0.075	0.873	0.011	0.041
0.068	0.014	0.066	0.852
0.070	0.122	0.735	0.073
0.053	0.820	0.085	0.042
0.052	0.846	0.034	0.068
>GGGGAAAAAAAA	17-GGGGAAAAAAAA	10.218969	-27.187776	0	T:220.0(4.82%),B:1306.5(2.92%),P:1e-11	Tpos:242.6,Tstd:189.8,Bpos:209.0,Bstd:116.8,StrandBias:0.4,Multiplicity:1.03
0.153	0.085	0.723	0.039
0.096	0.001	0.696	0.207
0.148	0.001	0.804	0.047
0.150	0.001	0.717	0.132
0.802	0.001	0.105	0.092
0.827	0.001	0.059	0.113
0.997	0.001	0.001	0.001
0.976	0.001	0.022	0.001
0.870	0.001	0.001	0.128
0.918	0.022	0.032	0.028
0.826	0.070	0.001	0.103
0.816	0.085	0.001	0.098
>CAGTGAGGTTCC	18-CAGTGAGGTTCC	14.287351	-24.453189	0	T:10.0(0.22%),B:4.5(0.01%),P:1e-10	Tpos:245.5,Tstd:111.2,Bpos:73.3,Bstd:54.3,StrandBias:0.0,Multiplicity:1.00
0.001	0.997	0.001	0.001
0.997	0.001	0.001	0.001
0.111	0.001	0.887	0.001
0.001	0.001	0.001	0.997
0.001	0.111	0.887	0.001
0.997	0.001	0.001	0.001
0.001	0.001	0.997	0.001
0.001	0.001	0.997	0.001
0.001	0.001	0.001	0.997
0.001	0.001	0.001	0.997
0.001	0.997	0.001	0.001
0.001	0.997	0.001	0.001
>CCACACTGAATT	19-CCACACTGAATT	14.140100	-23.479058	0	T:11.0(0.24%),B:6.6(0.01%),P:1e-10	Tpos:179.4,Tstd:86.9,Bpos:123.8,Bstd:90.7,StrandBias:-0.6,Multiplicity:1.00
0.001	0.997	0.001	0.001
0.001	0.997	0.001	0.001
0.997	0.001	0.001	0.001
0.001	0.997	0.001	0.001
0.997	0.001	0.001	0.001
0.094	0.904	0.001	0.001
0.001	0.001	0.001	0.997
0.001	0.001	0.997	0.001
0.997	0.001	0.001	0.001
0.997	0.001	0.001	0.001
0.001	0.001	0.001	0.997
0.094	0.001	0.001	0.904
>GGAGTGGTTAGC	20-GGAGTGGTTAGC	13.235865	-22.497221	0	T:14.0(0.31%),B:13.7(0.03%),P:1e-9	Tpos:298.1,Tstd:223.1,Bpos:183.4,Bstd:128.8,StrandBias:1.7,Multiplicity:1.79
0.098	0.001	0.900	0.001
0.098	0.001	0.900	0.001
0.997	0.001	0.001	0.001
0.099	0.001	0.801	0.099
0.001	0.001	0.098	0.900
0.001	0.001	0.997	0.001
0.001	0.001	0.997	0.001
0.001	0.001	0.098	0.900
0.099	0.001	0.306	0.594
0.997	0.001	0.001	0.001
0.001	0.001	0.997	0.001
0.001	0.997	0.001	0.001
>AAAAGTCTTCAC	21-AAAAGTCTTCAC	15.026440	-16.290696	0	T:5.0(0.11%),B:1.6(0.00%),P:1e-7	Tpos:253.8,Tstd:209.2,Bpos:168.0,Bstd:0.0,StrandBias:2.0,Multiplicity:1.00
0.997	0.001	0.001	0.001
0.849	0.149	0.001	0.001
0.997	0.001	0.001	0.001
0.997	0.001	0.001	0.001
0.001	0.001	0.997	0.001
0.001	0.001	0.416	0.582
0.001	0.997	0.001	0.001
0.001	0.001	0.416	0.582
0.001	0.001	0.001	0.997
0.001	0.997	0.001	0.001
0.997	0.001	0.001	0.001
0.001	0.997	0.001	0.001
>GGAGGACTCTAG	22-GGAGGACTCTAG	14.160635	-12.393719	0	T:4.0(0.09%),B:2.0(0.00%),P:1e-5	Tpos:121.4,Tstd:81.7,Bpos:106.8,Bstd:122.4,StrandBias:3.2,Multiplicity:2.50
0.001	0.001	0.997	0.001
0.001	0.001	0.997	0.001
0.997	0.001	0.001	0.001
0.001	0.001	0.997	0.001
0.001	0.001	0.997	0.001
0.997	0.001	0.001	0.001
0.001	0.997	0.001	0.001
0.001	0.087	0.001	0.911
0.001	0.997	0.001	0.001
0.001	0.001	0.001	0.997
0.997	0.001	0.001	0.001
0.001	0.001	0.997	0.001
>AGTGTGAGCCTC	23-AGTGTGAGCCTC	13.943222	-8.580451	0	T:5.0(0.11%),B:6.0(0.01%),P:1e-3	Tpos:134.3,Tstd:93.2,Bpos:261.0,Bstd:98.3,StrandBias:10.0,Multiplicity:2.80
0.997	0.001	0.001	0.001
0.001	0.001	0.997	0.001
0.001	0.001	0.001	0.997
0.001	0.001	0.997	0.001
0.001	0.001	0.001	0.997
0.001	0.001	0.997	0.001
0.928	0.001	0.070	0.001
0.001	0.001	0.997	0.001
0.001	0.997	0.001	0.001
0.001	0.997	0.001	0.001
0.001	0.001	0.001	0.997
0.001	0.997	0.001	0.001
>GGCTCACTCATC	24-GGCTCACTCATC	14.016711	-7.065243	0	T:5.0(0.11%),B:7.3(0.02%),P:1e-3	Tpos:260.7,Tstd:141.0,Bpos:159.8,Bstd:125.5,StrandBias:4.0,Multiplicity:3.40
0.001	0.001	0.997	0.001
0.001	0.001	0.997	0.001
0.001	0.997	0.001	0.001
0.001	0.001	0.001	0.997
0.001	0.997	0.001	0.001
0.997	0.001	0.001	0.001
0.001	0.997	0.001	0.001
0.001	0.001	0.082	0.916
0.082	0.916	0.001	0.001
0.997	0.001	0.001	0.001
0.001	0.001	0.001	0.997
0.001	0.997	0.001	0.001
>AACTGGCTCACT	25-AACTGGCTCACT	13.645970	-4.008286	0	T:2.0(0.04%),B:2.1(0.00%),P:1e-1	Tpos:328.8,Tstd:125.0,Bpos:171.8,Bstd:19.8,StrandBias:10.0,Multiplicity:9.00
0.997	0.001	0.001	0.001
0.997	0.001	0.001	0.001
0.001	0.997	0.001	0.001
0.001	0.001	0.001	0.997
0.001	0.001	0.997	0.001
0.001	0.001	0.997	0.001
0.001	0.997	0.001	0.001
0.052	0.001	0.001	0.946
0.001	0.997	0.001	0.001
0.997	0.001	0.001	0.001
0.001	0.997	0.001	0.001
0.001	0.001	0.001	0.997
