>TGASTCAYMS	1-TGASTCAYMS	6.486686	-4709.672647	0	T:2927.0(64.13%),B:3388.8(7.57%),P:1e-2045	Tpos:222.1,Tstd:137.1,Bpos:211.2,Bstd:137.6,StrandBias:0.0,Multiplicity:1.30
0.078	0.091	0.076	0.755
0.093	0.087	0.688	0.132
0.770	0.087	0.069	0.074
0.098	0.383	0.419	0.101
0.081	0.068	0.090	0.761
0.150	0.698	0.066	0.086
0.776	0.067	0.087	0.070
0.092	0.326	0.188	0.395
0.252	0.383	0.148	0.217
0.183	0.272	0.390	0.155
>GATGASTCAY	2-GATGASTCAY	6.638943	-4686.062816	0	T:3388.0(74.23%),B:5452.2(12.18%),P:1e-2035	Tpos:224.6,Tstd:155.7,Bpos:210.3,Bstd:133.9,StrandBias:0.0,Multiplicity:1.16
0.220	0.128	0.409	0.243
0.446	0.218	0.282	0.054
0.047	0.070	0.030	0.853
0.017	0.040	0.712	0.231
0.849	0.053	0.026	0.072
0.199	0.279	0.352	0.170
0.082	0.020	0.035	0.863
0.251	0.731	0.011	0.007
0.952	0.006	0.012	0.030
0.056	0.370	0.193	0.381
>ATGASTCATM	3-ATGASTCATM	6.064284	-2860.481053	0	T:3655.0(80.08%),B:11859.8(26.49%),P:1e-1242	Tpos:238.1,Tstd:172.6,Bpos:208.2,Bstd:133.8,StrandBias:-0.0,Multiplicity:1.23
0.448	0.202	0.248	0.101
0.028	0.001	0.001	0.970
0.016	0.026	0.762	0.196
0.859	0.019	0.001	0.121
0.001	0.526	0.461	0.012
0.187	0.001	0.001	0.811
0.228	0.644	0.082	0.046
0.732	0.031	0.107	0.130
0.161	0.138	0.249	0.452
0.263	0.357	0.198	0.182
>CNRCATTCCT	4-CNRCATTCCT	6.586465	-448.455555	0	T:2022.0(44.30%),B:10787.4(24.10%),P:1e-194	Tpos:235.4,Tstd:171.3,Bpos:208.5,Bstd:127.5,StrandBias:0.1,Multiplicity:1.36
0.150	0.469	0.129	0.251
0.208	0.250	0.332	0.210
0.404	0.005	0.501	0.090
0.241	0.691	0.062	0.006
0.888	0.031	0.053	0.028
0.004	0.006	0.008	0.982
0.018	0.022	0.004	0.956
0.010	0.949	0.040	0.001
0.017	0.789	0.002	0.192
0.182	0.126	0.014	0.678
>SHAGTCATBC	5-SHAGTCATBC	6.419652	-430.627276	0	T:1769.0(38.76%),B:8927.5(19.94%),P:1e-187	Tpos:236.9,Tstd:175.1,Bpos:205.4,Bstd:132.5,StrandBias:0.1,Multiplicity:1.15
0.079	0.345	0.368	0.208
0.293	0.347	0.152	0.208
0.756	0.154	0.035	0.055
0.129	0.006	0.864	0.001
0.034	0.027	0.123	0.816
0.001	0.899	0.002	0.098
0.909	0.012	0.032	0.047
0.001	0.169	0.001	0.829
0.144	0.292	0.321	0.243
0.138	0.637	0.031	0.194
>NCTGTGGTTW	6-NCTGTGGTTW	8.019947	-359.738274	0	T:1220.0(26.73%),B:5433.5(12.14%),P:1e-156	Tpos:237.8,Tstd:168.9,Bpos:206.6,Bstd:127.8,StrandBias:0.1,Multiplicity:1.21
0.213	0.194	0.282	0.311
0.099	0.450	0.152	0.300
0.001	0.001	0.001	0.997
0.008	0.001	0.990	0.001
0.001	0.122	0.001	0.876
0.001	0.001	0.997	0.001
0.001	0.001	0.997	0.001
0.009	0.204	0.067	0.720
0.170	0.208	0.126	0.495
0.427	0.001	0.161	0.411
>TGASGTCAYY	7-TGASGTCAYY	8.126208	-164.007809	0	T:730.0(15.99%),B:3552.2(7.93%),P:1e-71	Tpos:245.0,Tstd:171.1,Bpos:210.7,Bstd:135.8,StrandBias:0.0,Multiplicity:1.08
0.001	0.001	0.001	0.997
0.001	0.007	0.858	0.134
0.880	0.001	0.001	0.118
0.079	0.393	0.315	0.212
0.216	0.253	0.510	0.021
0.009	0.001	0.001	0.989
0.055	0.943	0.001	0.001
0.997	0.001	0.001	0.001
0.001	0.351	0.198	0.450
0.185	0.381	0.172	0.262
>GRAATGCCTG	8-GRAATGCCTG	6.760145	-105.632412	0	T:1691.0(37.05%),B:12230.7(27.32%),P:1e-45	Tpos:243.7,Tstd:183.7,Bpos:207.2,Bstd:128.4,StrandBias:-0.1,Multiplicity:1.18
0.324	0.001	0.674	0.001
0.293	0.130	0.390	0.187
0.752	0.061	0.186	0.001
0.644	0.183	0.005	0.168
0.083	0.001	0.255	0.661
0.001	0.098	0.668	0.233
0.001	0.759	0.001	0.239
0.114	0.733	0.001	0.152
0.081	0.001	0.001	0.917
0.036	0.001	0.946	0.017
>KGAANWATGT	9-KGAANWATGT	6.896046	-104.423339	0	T:1436.0(31.46%),B:9997.4(22.33%),P:1e-45	Tpos:243.5,Tstd:185.0,Bpos:204.8,Bstd:128.9,StrandBias:0.0,Multiplicity:1.17
0.239	0.001	0.321	0.439
0.001	0.265	0.733	0.001
0.732	0.001	0.261	0.006
0.453	0.127	0.287	0.133
0.297	0.229	0.171	0.303
0.387	0.001	0.172	0.441
0.997	0.001	0.001	0.001
0.001	0.065	0.001	0.933
0.001	0.001	0.997	0.001
0.255	0.237	0.075	0.433
>TGAGTAATCT	10-TGAGTAATCT	8.717621	-82.775288	0	T:218.0(4.78%),B:802.1(1.79%),P:1e-35	Tpos:244.7,Tstd:171.3,Bpos:203.1,Bstd:131.3,StrandBias:-0.1,Multiplicity:1.01
0.001	0.267	0.066	0.666
0.147	0.001	0.634	0.218
0.556	0.001	0.046	0.397
0.001	0.001	0.997	0.001
0.100	0.193	0.001	0.706
0.893	0.001	0.105	0.001
0.987	0.001	0.011	0.001
0.001	0.001	0.229	0.769
0.001	0.881	0.001	0.117
0.217	0.216	0.001	0.566
>CTATTTTTAG	11-CTATTTTTAG	9.748928	-82.533525	0	T:155.0(3.40%),B:456.1(1.02%),P:1e-35	Tpos:219.7,Tstd:178.8,Bpos:206.8,Bstd:119.9,StrandBias:-0.2,Multiplicity:1.01
0.097	0.787	0.047	0.069
0.001	0.009	0.001	0.989
0.993	0.005	0.001	0.001
0.001	0.001	0.001	0.997
0.047	0.001	0.001	0.951
0.041	0.056	0.017	0.886
0.220	0.042	0.001	0.737
0.007	0.013	0.011	0.969
0.979	0.001	0.019	0.001
0.017	0.001	0.946	0.036
>CGTTGCTAAG	12-CGTTGCTAAG	6.765670	-68.707011	0	T:750.0(16.43%),B:4843.6(10.82%),P:1e-29	Tpos:248.8,Tstd:191.8,Bpos:205.7,Bstd:129.1,StrandBias:0.0,Multiplicity:1.08
0.085	0.628	0.118	0.169
0.110	0.044	0.737	0.109
0.024	0.080	0.057	0.839
0.025	0.019	0.026	0.930
0.066	0.073	0.825	0.036
0.042	0.818	0.085	0.055
0.065	0.082	0.030	0.823
0.824	0.053	0.071	0.052
0.750	0.071	0.046	0.133
0.057	0.070	0.830	0.043
>CTCCCTGCGG	13-CTCCCTGCGG	6.970237	-62.814628	0	T:1179.0(25.83%),B:8601.7(19.21%),P:1e-27	Tpos:255.2,Tstd:187.8,Bpos:206.8,Bstd:124.6,StrandBias:-0.0,Multiplicity:1.22
0.047	0.813	0.091	0.049
0.061	0.006	0.006	0.927
0.001	0.874	0.006	0.119
0.052	0.831	0.001	0.116
0.027	0.856	0.001	0.116
0.116	0.001	0.001	0.882
0.041	0.075	0.839	0.045
0.109	0.677	0.120	0.094
0.144	0.193	0.519	0.144
0.056	0.093	0.780	0.071
>GCAGCCTGCC	14-GCAGCCTGCC	7.347820	-54.363910	0	T:551.0(12.07%),B:3475.0(7.76%),P:1e-23	Tpos:259.1,Tstd:186.9,Bpos:210.4,Bstd:129.0,StrandBias:0.1,Multiplicity:1.09
0.169	0.146	0.467	0.219
0.105	0.524	0.349	0.022
0.527	0.177	0.121	0.175
0.072	0.029	0.860	0.039
0.151	0.447	0.242	0.161
0.011	0.904	0.070	0.015
0.368	0.008	0.040	0.584
0.025	0.164	0.661	0.150
0.034	0.582	0.359	0.025
0.072	0.662	0.018	0.248
>GTTGCCATAG	15-GTTGCCATAG	7.245508	-53.080769	0	T:499.0(10.93%),B:3083.9(6.89%),P:1e-23	Tpos:235.9,Tstd:174.4,Bpos:202.4,Bstd:125.0,StrandBias:0.2,Multiplicity:1.06
0.031	0.067	0.850	0.052
0.046	0.084	0.006	0.864
0.075	0.088	0.029	0.808
0.122	0.075	0.663	0.140
0.058	0.888	0.025	0.029
0.076	0.843	0.020	0.061
0.819	0.050	0.081	0.050
0.118	0.125	0.041	0.716
0.787	0.061	0.110	0.042
0.148	0.041	0.770	0.041
>GGAAATTCCC	16-GGAAATTCCC	7.270408	-43.380870	0	T:415.0(9.09%),B:2573.8(5.75%),P:1e-18	Tpos:257.2,Tstd:191.8,Bpos:209.9,Bstd:121.9,StrandBias:-0.1,Multiplicity:1.05
0.047	0.011	0.878	0.064
0.103	0.036	0.744	0.117
0.879	0.031	0.031	0.059
0.755	0.064	0.106	0.075
0.785	0.090	0.053	0.072
0.124	0.132	0.061	0.683
0.104	0.033	0.051	0.812
0.061	0.864	0.039	0.036
0.047	0.829	0.053	0.071
0.112	0.777	0.057	0.054
>GAAACTATKC	17-GAAACTATKC	8.784414	-42.307824	0	T:180.0(3.94%),B:848.7(1.90%),P:1e-18	Tpos:221.2,Tstd:164.6,Bpos:218.6,Bstd:124.7,StrandBias:0.2,Multiplicity:1.04
0.001	0.134	0.864	0.001
0.718	0.038	0.037	0.207
0.997	0.001	0.001	0.001
0.997	0.001	0.001	0.001
0.176	0.760	0.063	0.001
0.036	0.138	0.001	0.825
0.997	0.001	0.001	0.001
0.001	0.036	0.001	0.962
0.001	0.049	0.446	0.504
0.145	0.781	0.001	0.073
>AYATHCDGCC	18-AYATHCDGCC	6.590778	-40.833075	0	T:728.0(15.95%),B:5202.2(11.62%),P:1e-17	Tpos:253.7,Tstd:188.3,Bpos:205.2,Bstd:128.8,StrandBias:0.1,Multiplicity:1.09
0.474	0.020	0.321	0.185
0.022	0.411	0.225	0.343
0.587	0.010	0.001	0.402
0.247	0.047	0.253	0.452
0.387	0.356	0.004	0.253
0.005	0.984	0.010	0.001
0.373	0.015	0.244	0.368
0.004	0.006	0.964	0.026
0.013	0.600	0.029	0.358
0.025	0.447	0.288	0.240
>CGCCCCACCC	19-CGCCCCACCC	7.862342	-40.622506	0	T:474.0(10.39%),B:3090.9(6.90%),P:1e-17	Tpos:257.4,Tstd:180.8,Bpos:204.7,Bstd:115.6,StrandBias:0.1,Multiplicity:1.14
0.030	0.738	0.101	0.131
0.159	0.001	0.757	0.083
0.001	0.961	0.029	0.009
0.001	0.917	0.001	0.081
0.001	0.909	0.029	0.061
0.018	0.938	0.001	0.043
0.935	0.001	0.063	0.001
0.001	0.962	0.001	0.036
0.055	0.898	0.016	0.031
0.005	0.993	0.001	0.001
>TACGCCCDTC	20-TACGCCCDTC	11.225515	-23.512288	0	T:8.0(0.18%),B:3.0(0.01%),P:1e-10	Tpos:146.8,Tstd:102.8,Bpos:216.3,Bstd:121.6,StrandBias:0.7,Multiplicity:1.00
0.001	0.001	0.001	0.997
0.997	0.001	0.001	0.001
0.001	0.997	0.001	0.001
0.001	0.001	0.997	0.001
0.001	0.705	0.293	0.001
0.001	0.705	0.001	0.293
0.001	0.705	0.001	0.293
0.294	0.001	0.294	0.411
0.001	0.001	0.001	0.997
0.293	0.705	0.001	0.001
>ATGACADAGW	21-ATGACADAGW	8.208739	-22.531263	0	T:186.0(4.08%),B:1114.1(2.49%),P:1e-9	Tpos:224.7,Tstd:173.9,Bpos:209.4,Bstd:133.0,StrandBias:-0.3,Multiplicity:1.02
0.565	0.223	0.020	0.192
0.028	0.001	0.001	0.970
0.310	0.178	0.471	0.040
0.965	0.020	0.010	0.005
0.149	0.610	0.001	0.240
0.653	0.001	0.150	0.196
0.359	0.019	0.327	0.294
0.752	0.217	0.018	0.013
0.013	0.296	0.690	0.001
0.491	0.018	0.005	0.485
>GCAGTATTAC	22-GCAGTATTAC	10.296193	-19.838373	0	T:7.0(0.15%),B:2.3(0.01%),P:1e-8	Tpos:208.7,Tstd:227.1,Bpos:242.9,Bstd:39.6,StrandBias:0.4,Multiplicity:1.00
0.100	0.100	0.700	0.100
0.100	0.700	0.100	0.100
0.700	0.100	0.100	0.100
0.100	0.100	0.700	0.100
0.100	0.100	0.100	0.700
0.700	0.100	0.100	0.100
0.100	0.100	0.100	0.700
0.100	0.100	0.100	0.700
0.700	0.100	0.100	0.100
0.100	0.700	0.100	0.100
>CGACTCAGAT	23-CGACTCAGAT	11.958585	-15.373848	0	T:9.0(0.20%),B:8.0(0.02%),P:1e-6	Tpos:277.2,Tstd:101.8,Bpos:129.8,Bstd:85.5,StrandBias:-0.3,Multiplicity:1.00
0.001	0.997	0.001	0.001
0.001	0.001	0.997	0.001
0.997	0.001	0.001	0.001
0.001	0.997	0.001	0.001
0.153	0.001	0.001	0.845
0.001	0.997	0.001	0.001
0.997	0.001	0.001	0.001
0.001	0.001	0.997	0.001
0.997	0.001	0.001	0.001
0.001	0.001	0.001	0.997
>TACCTCATAT	24-TACCTCATAT	10.666198	-14.112164	0	T:19.0(0.42%),B:47.5(0.11%),P:1e-6	Tpos:312.9,Tstd:160.7,Bpos:200.0,Bstd:141.2,StrandBias:1.9,Multiplicity:1.94
0.001	0.001	0.001	0.997
0.710	0.001	0.288	0.001
0.001	0.997	0.001	0.001
0.001	0.939	0.059	0.001
0.001	0.001	0.001	0.997
0.001	0.997	0.001	0.001
0.997	0.001	0.001	0.001
0.001	0.001	0.001	0.997
0.997	0.001	0.001	0.001
0.001	0.001	0.001	0.997
>ACACCGGAGT	25-ACACCGGAGT	10.296193	-3.263830	0	T:2.0(0.04%),B:3.6(0.01%),P:1e-1	Tpos:463.0,Tstd:266.1,Bpos:245.1,Bstd:150.2,StrandBias:10.0,Multiplicity:14.00
0.700	0.100	0.100	0.100
0.100	0.700	0.100	0.100
0.700	0.100	0.100	0.100
0.100	0.700	0.100	0.100
0.100	0.700	0.100	0.100
0.100	0.100	0.700	0.100
0.100	0.100	0.700	0.100
0.700	0.100	0.100	0.100
0.100	0.100	0.700	0.100
0.100	0.100	0.100	0.700
