>TGASTCAYMS	1-TGASTCAYMS	6.486686	-4709.672647	0	T:2927.0(64.13%),B:3388.8(7.57%),P:1e-2045	Tpos:222.1,Tstd:137.1,Bpos:211.2,Bstd:137.6,StrandBias:0.0,Multiplicity:1.30
0.078	0.091	0.076	0.755
0.093	0.087	0.688	0.132
0.770	0.087	0.069	0.074
0.098	0.383	0.419	0.101
0.081	0.068	0.090	0.761
0.150	0.698	0.066	0.086
0.776	0.067	0.087	0.070
0.092	0.326	0.188	0.395
0.252	0.383	0.148	0.217
0.183	0.272	0.390	0.155
>GATGASTCAY	2-GATGASTCAY	6.638943	-4686.062816	0	T:3388.0(74.23%),B:5452.2(12.18%),P:1e-2035	Tpos:224.6,Tstd:155.7,Bpos:210.3,Bstd:133.9,StrandBias:0.0,Multiplicity:1.16
0.220	0.128	0.409	0.243
0.446	0.218	0.282	0.054
0.047	0.070	0.030	0.853
0.017	0.040	0.712	0.231
0.849	0.053	0.026	0.072
0.199	0.279	0.352	0.170
0.082	0.020	0.035	0.863
0.251	0.731	0.011	0.007
0.952	0.006	0.012	0.030
0.056	0.370	0.193	0.381
>ATGASTCATM	3-ATGASTCATM	6.064284	-2860.481053	0	T:3655.0(80.08%),B:11859.8(26.49%),P:1e-1242	Tpos:238.1,Tstd:172.6,Bpos:208.2,Bstd:133.8,StrandBias:-0.0,Multiplicity:1.23
0.448	0.202	0.248	0.101
0.028	0.001	0.001	0.970
0.016	0.026	0.762	0.196
0.859	0.019	0.001	0.121
0.001	0.526	0.461	0.012
0.187	0.001	0.001	0.811
0.228	0.644	0.082	0.046
0.732	0.031	0.107	0.130
0.161	0.138	0.249	0.452
0.263	0.357	0.198	0.182
>CNRCATTCCT	4-CNRCATTCCT	6.586465	-448.455555	0	T:2022.0(44.30%),B:10787.4(24.10%),P:1e-194	Tpos:235.4,Tstd:171.3,Bpos:208.5,Bstd:127.5,StrandBias:0.1,Multiplicity:1.36
0.150	0.469	0.129	0.251
0.208	0.250	0.332	0.210
0.404	0.005	0.501	0.090
0.241	0.691	0.062	0.006
0.888	0.031	0.053	0.028
0.004	0.006	0.008	0.982
0.018	0.022	0.004	0.956
0.010	0.949	0.040	0.001
0.017	0.789	0.002	0.192
0.182	0.126	0.014	0.678
>SHAGTCATBC	5-SHAGTCATBC	6.419652	-430.627276	0	T:1769.0(38.76%),B:8927.5(19.94%),P:1e-187	Tpos:236.9,Tstd:175.1,Bpos:205.4,Bstd:132.5,StrandBias:0.1,Multiplicity:1.15
0.079	0.345	0.368	0.208
0.293	0.347	0.152	0.208
0.756	0.154	0.035	0.055
0.129	0.006	0.864	0.001
0.034	0.027	0.123	0.816
0.001	0.899	0.002	0.098
0.909	0.012	0.032	0.047
0.001	0.169	0.001	0.829
0.144	0.292	0.321	0.243
0.138	0.637	0.031	0.194
>NCTGTGGTTW	6-NCTGTGGTTW	8.019947	-359.738274	0	T:1220.0(26.73%),B:5433.5(12.14%),P:1e-156	Tpos:237.8,Tstd:168.9,Bpos:206.6,Bstd:127.8,StrandBias:0.1,Multiplicity:1.21
0.213	0.194	0.282	0.311
0.099	0.450	0.152	0.300
0.001	0.001	0.001	0.997
0.008	0.001	0.990	0.001
0.001	0.122	0.001	0.876
0.001	0.001	0.997	0.001
0.001	0.001	0.997	0.001
0.009	0.204	0.067	0.720
0.170	0.208	0.126	0.495
0.427	0.001	0.161	0.411
>TGASGTCAYY	7-TGASGTCAYY	8.126208	-164.007809	0	T:730.0(15.99%),B:3552.2(7.93%),P:1e-71	Tpos:245.0,Tstd:171.1,Bpos:210.7,Bstd:135.8,StrandBias:0.0,Multiplicity:1.08
0.001	0.001	0.001	0.997
0.001	0.007	0.858	0.134
0.880	0.001	0.001	0.118
0.079	0.393	0.315	0.212
0.216	0.253	0.510	0.021
0.009	0.001	0.001	0.989
0.055	0.943	0.001	0.001
0.997	0.001	0.001	0.001
0.001	0.351	0.198	0.450
0.185	0.381	0.172	0.262
>GRAATGCCTG	8-GRAATGCCTG	6.760145	-105.632412	0	T:1691.0(37.05%),B:12230.7(27.32%),P:1e-45	Tpos:243.7,Tstd:183.7,Bpos:207.2,Bstd:128.4,StrandBias:-0.1,Multiplicity:1.18
0.324	0.001	0.674	0.001
0.293	0.130	0.390	0.187
0.752	0.061	0.186	0.001
0.644	0.183	0.005	0.168
0.083	0.001	0.255	0.661
0.001	0.098	0.668	0.233
0.001	0.759	0.001	0.239
0.114	0.733	0.001	0.152
0.081	0.001	0.001	0.917
0.036	0.001	0.946	0.017
>KGAANWATGT	9-KGAANWATGT	6.896046	-104.423339	0	T:1436.0(31.46%),B:9997.4(22.33%),P:1e-45	Tpos:243.5,Tstd:185.0,Bpos:204.8,Bstd:128.9,StrandBias:0.0,Multiplicity:1.17
0.239	0.001	0.321	0.439
0.001	0.265	0.733	0.001
0.732	0.001	0.261	0.006
0.453	0.127	0.287	0.133
0.297	0.229	0.171	0.303
0.387	0.001	0.172	0.441
0.997	0.001	0.001	0.001
0.001	0.065	0.001	0.933
0.001	0.001	0.997	0.001
0.255	0.237	0.075	0.433
>TGAGTAATCT	10-TGAGTAATCT	8.717621	-82.775288	0	T:218.0(4.78%),B:802.1(1.79%),P:1e-35	Tpos:244.7,Tstd:171.3,Bpos:203.1,Bstd:131.3,StrandBias:-0.1,Multiplicity:1.01
0.001	0.267	0.066	0.666
0.147	0.001	0.634	0.218
0.556	0.001	0.046	0.397
0.001	0.001	0.997	0.001
0.100	0.193	0.001	0.706
0.893	0.001	0.105	0.001
0.987	0.001	0.011	0.001
0.001	0.001	0.229	0.769
0.001	0.881	0.001	0.117
0.217	0.216	0.001	0.566
>CTATTTTTAG	11-CTATTTTTAG	9.748928	-82.533525	0	T:155.0(3.40%),B:456.1(1.02%),P:1e-35	Tpos:219.7,Tstd:178.8,Bpos:206.8,Bstd:119.9,StrandBias:-0.2,Multiplicity:1.01
0.097	0.787	0.047	0.069
0.001	0.009	0.001	0.989
0.993	0.005	0.001	0.001
0.001	0.001	0.001	0.997
0.047	0.001	0.001	0.951
0.041	0.056	0.017	0.886
0.220	0.042	0.001	0.737
0.007	0.013	0.011	0.969
0.979	0.001	0.019	0.001
0.017	0.001	0.946	0.036
>CGTTGCTAAG	12-CGTTGCTAAG	6.765670	-68.707011	0	T:750.0(16.43%),B:4843.6(10.82%),P:1e-29	Tpos:248.8,Tstd:191.8,Bpos:205.7,Bstd:129.1,StrandBias:0.0,Multiplicity:1.08
0.085	0.628	0.118	0.169
0.110	0.044	0.737	0.109
0.024	0.080	0.057	0.839
0.025	0.019	0.026	0.930
0.066	0.073	0.825	0.036
0.042	0.818	0.085	0.055
0.065	0.082	0.030	0.823
0.824	0.053	0.071	0.052
0.750	0.071	0.046	0.133
0.057	0.070	0.830	0.043
>CTCCCTGCGG	13-CTCCCTGCGG	6.970237	-62.814628	0	T:1179.0(25.83%),B:8601.7(19.21%),P:1e-27	Tpos:255.2,Tstd:187.8,Bpos:206.8,Bstd:124.6,StrandBias:-0.0,Multiplicity:1.22
0.047	0.813	0.091	0.049
0.061	0.006	0.006	0.927
0.001	0.874	0.006	0.119
0.052	0.831	0.001	0.116
0.027	0.856	0.001	0.116
0.116	0.001	0.001	0.882
0.041	0.075	0.839	0.045
0.109	0.677	0.120	0.094
0.144	0.193	0.519	0.144
0.056	0.093	0.780	0.071
>GCAGCCTGCC	14-GCAGCCTGCC	7.347820	-54.363910	0	T:551.0(12.07%),B:3475.0(7.76%),P:1e-23	Tpos:259.1,Tstd:186.9,Bpos:210.4,Bstd:129.0,StrandBias:0.1,Multiplicity:1.09
0.169	0.146	0.467	0.219
0.105	0.524	0.349	0.022
0.527	0.177	0.121	0.175
0.072	0.029	0.860	0.039
0.151	0.447	0.242	0.161
0.011	0.904	0.070	0.015
0.368	0.008	0.040	0.584
0.025	0.164	0.661	0.150
0.034	0.582	0.359	0.025
0.072	0.662	0.018	0.248
>GTTGCCATAG	15-GTTGCCATAG	7.245508	-53.080769	0	T:499.0(10.93%),B:3083.9(6.89%),P:1e-23	Tpos:235.9,Tstd:174.4,Bpos:202.4,Bstd:125.0,StrandBias:0.2,Multiplicity:1.06
0.031	0.067	0.850	0.052
0.046	0.084	0.006	0.864
0.075	0.088	0.029	0.808
0.122	0.075	0.663	0.140
0.058	0.888	0.025	0.029
0.076	0.843	0.020	0.061
0.819	0.050	0.081	0.050
0.118	0.125	0.041	0.716
0.787	0.061	0.110	0.042
0.148	0.041	0.770	0.041
>GGAAATTCCC	16-GGAAATTCCC	7.270408	-43.380870	0	T:415.0(9.09%),B:2573.8(5.75%),P:1e-18	Tpos:257.2,Tstd:191.8,Bpos:209.9,Bstd:121.9,StrandBias:-0.1,Multiplicity:1.05
0.047	0.011	0.878	0.064
0.103	0.036	0.744	0.117
0.879	0.031	0.031	0.059
0.755	0.064	0.106	0.075
0.785	0.090	0.053	0.072
0.124	0.132	0.061	0.683
0.104	0.033	0.051	0.812
0.061	0.864	0.039	0.036
0.047	0.829	0.053	0.071
0.112	0.777	0.057	0.054
>GAAACTATKC	17-GAAACTATKC	8.784414	-42.307824	0	T:180.0(3.94%),B:848.7(1.90%),P:1e-18	Tpos:221.2,Tstd:164.6,Bpos:218.6,Bstd:124.7,StrandBias:0.2,Multiplicity:1.04
0.001	0.134	0.864	0.001
0.718	0.038	0.037	0.207
0.997	0.001	0.001	0.001
0.997	0.001	0.001	0.001
0.176	0.760	0.063	0.001
0.036	0.138	0.001	0.825
0.997	0.001	0.001	0.001
0.001	0.036	0.001	0.962
0.001	0.049	0.446	0.504
0.145	0.781	0.001	0.073
>AYATHCDGCC	18-AYATHCDGCC	6.590778	-40.833075	0	T:728.0(15.95%),B:5202.2(11.62%),P:1e-17	Tpos:253.7,Tstd:188.3,Bpos:205.2,Bstd:128.8,StrandBias:0.1,Multiplicity:1.09
0.474	0.020	0.321	0.185
0.022	0.411	0.225	0.343
0.587	0.010	0.001	0.402
0.247	0.047	0.253	0.452
0.387	0.356	0.004	0.253
0.005	0.984	0.010	0.001
0.373	0.015	0.244	0.368
0.004	0.006	0.964	0.026
0.013	0.600	0.029	0.358
0.025	0.447	0.288	0.240
>CGCCCCACCC	19-CGCCCCACCC	7.862342	-40.622506	0	T:474.0(10.39%),B:3090.9(6.90%),P:1e-17	Tpos:257.4,Tstd:180.8,Bpos:204.7,Bstd:115.6,StrandBias:0.1,Multiplicity:1.14
0.030	0.738	0.101	0.131
0.159	0.001	0.757	0.083
0.001	0.961	0.029	0.009
0.001	0.917	0.001	0.081
0.001	0.909	0.029	0.061
0.018	0.938	0.001	0.043
0.935	0.001	0.063	0.001
0.001	0.962	0.001	0.036
0.055	0.898	0.016	0.031
0.005	0.993	0.001	0.001
>TACGCCCDTC	20-TACGCCCDTC	11.225515	-23.512288	0	T:8.0(0.18%),B:3.0(0.01%),P:1e-10	Tpos:146.8,Tstd:102.8,Bpos:216.3,Bstd:121.6,StrandBias:0.7,Multiplicity:1.00
0.001	0.001	0.001	0.997
0.997	0.001	0.001	0.001
0.001	0.997	0.001	0.001
0.001	0.001	0.997	0.001
0.001	0.705	0.293	0.001
0.001	0.705	0.001	0.293
0.001	0.705	0.001	0.293
0.294	0.001	0.294	0.411
0.001	0.001	0.001	0.997
0.293	0.705	0.001	0.001
>ATGACADAGW	21-ATGACADAGW	8.208739	-22.531263	0	T:186.0(4.08%),B:1114.1(2.49%),P:1e-9	Tpos:224.7,Tstd:173.9,Bpos:209.4,Bstd:133.0,StrandBias:-0.3,Multiplicity:1.02
0.565	0.223	0.020	0.192
0.028	0.001	0.001	0.970
0.310	0.178	0.471	0.040
0.965	0.020	0.010	0.005
0.149	0.610	0.001	0.240
0.653	0.001	0.150	0.196
0.359	0.019	0.327	0.294
0.752	0.217	0.018	0.013
0.013	0.296	0.690	0.001
0.491	0.018	0.005	0.485
>GCAGTATTAC	22-GCAGTATTAC	10.296193	-19.838373	0	T:7.0(0.15%),B:2.3(0.01%),P:1e-8	Tpos:208.7,Tstd:227.1,Bpos:242.9,Bstd:39.6,StrandBias:0.4,Multiplicity:1.00
0.100	0.100	0.700	0.100
0.100	0.700	0.100	0.100
0.700	0.100	0.100	0.100
0.100	0.100	0.700	0.100
0.100	0.100	0.100	0.700
0.700	0.100	0.100	0.100
0.100	0.100	0.100	0.700
0.100	0.100	0.100	0.700
0.700	0.100	0.100	0.100
0.100	0.700	0.100	0.100
>CGACTCAGAT	23-CGACTCAGAT	11.958585	-15.373848	0	T:9.0(0.20%),B:8.0(0.02%),P:1e-6	Tpos:277.2,Tstd:101.8,Bpos:129.8,Bstd:85.5,StrandBias:-0.3,Multiplicity:1.00
0.001	0.997	0.001	0.001
0.001	0.001	0.997	0.001
0.997	0.001	0.001	0.001
0.001	0.997	0.001	0.001
0.153	0.001	0.001	0.845
0.001	0.997	0.001	0.001
0.997	0.001	0.001	0.001
0.001	0.001	0.997	0.001
0.997	0.001	0.001	0.001
0.001	0.001	0.001	0.997
>TACCTCATAT	24-TACCTCATAT	10.666198	-14.112164	0	T:19.0(0.42%),B:47.5(0.11%),P:1e-6	Tpos:312.9,Tstd:160.7,Bpos:200.0,Bstd:141.2,StrandBias:1.9,Multiplicity:1.94
0.001	0.001	0.001	0.997
0.710	0.001	0.288	0.001
0.001	0.997	0.001	0.001
0.001	0.939	0.059	0.001
0.001	0.001	0.001	0.997
0.001	0.997	0.001	0.001
0.997	0.001	0.001	0.001
0.001	0.001	0.001	0.997
0.997	0.001	0.001	0.001
0.001	0.001	0.001	0.997
>ACACCGGAGT	25-ACACCGGAGT	10.296193	-3.263830	0	T:2.0(0.04%),B:3.6(0.01%),P:1e-1	Tpos:463.0,Tstd:266.1,Bpos:245.1,Bstd:150.2,StrandBias:10.0,Multiplicity:14.00
0.700	0.100	0.100	0.100
0.100	0.700	0.100	0.100
0.700	0.100	0.100	0.100
0.100	0.700	0.100	0.100
0.100	0.700	0.100	0.100
0.100	0.100	0.700	0.100
0.100	0.100	0.700	0.100
0.700	0.100	0.100	0.100
0.100	0.100	0.700	0.100
0.100	0.100	0.100	0.700
>RTGASTCABNNN	1-RTGASTCABNNN	7.640329	-5069.462584	0	T:3140.0(68.80%),B:3766.9(8.41%),P:1e-2201	Tpos:221.9,Tstd:137.6,Bpos:211.4,Bstd:136.6,StrandBias:-0.0,Multiplicity:1.33
0.369	0.214	0.307	0.110
0.001	0.001	0.001	0.997
0.001	0.001	0.755	0.243
0.996	0.001	0.001	0.002
0.095	0.360	0.400	0.145
0.002	0.001	0.001	0.996
0.258	0.740	0.001	0.001
0.997	0.001	0.001	0.001
0.108	0.322	0.228	0.342
0.268	0.276	0.203	0.253
0.247	0.262	0.270	0.221
0.204	0.192	0.307	0.297
>BMTKAGTCABHV	2-BMTKAGTCABHV	7.452004	-3183.818179	0	T:3215.0(70.44%),B:7605.1(16.99%),P:1e-1382	Tpos:238.2,Tstd:170.2,Bpos:206.8,Bstd:133.2,StrandBias:-0.0,Multiplicity:1.19
0.160	0.210	0.304	0.326
0.341	0.463	0.001	0.195
0.010	0.015	0.001	0.974
0.013	0.050	0.505	0.432
0.826	0.001	0.001	0.172
0.219	0.221	0.396	0.164
0.001	0.001	0.001	0.997
0.001	0.997	0.001	0.001
0.997	0.001	0.001	0.001
0.001	0.348	0.340	0.311
0.324	0.367	0.001	0.308
0.255	0.245	0.332	0.169
>TGAGTCATGCTA	3-TGAGTCATGCTA	7.914189	-472.290795	0	T:885.0(19.39%),B:2704.8(6.04%),P:1e-205	Tpos:227.3,Tstd:172.1,Bpos:200.8,Bstd:130.4,StrandBias:-0.0,Multiplicity:1.04
0.110	0.001	0.086	0.803
0.100	0.116	0.667	0.117
0.893	0.001	0.001	0.105
0.078	0.121	0.721	0.080
0.155	0.024	0.087	0.734
0.117	0.678	0.103	0.102
0.806	0.081	0.001	0.112
0.125	0.001	0.031	0.843
0.010	0.005	0.883	0.102
0.118	0.744	0.001	0.137
0.155	0.135	0.001	0.709
0.547	0.142	0.150	0.161
>NRCATTCCTDDN	4-NRCATTCCTDDN	7.340123	-463.030317	0	T:1727.0(37.84%),B:8345.7(18.64%),P:1e-201	Tpos:235.6,Tstd:170.1,Bpos:207.8,Bstd:128.3,StrandBias:0.1,Multiplicity:1.27
0.299	0.203	0.211	0.287
0.439	0.035	0.386	0.139
0.292	0.563	0.144	0.001
0.997	0.001	0.001	0.001
0.001	0.001	0.001	0.997
0.001	0.001	0.001	0.997
0.030	0.834	0.019	0.117
0.005	0.795	0.001	0.199
0.356	0.036	0.001	0.607
0.229	0.119	0.349	0.304
0.278	0.125	0.245	0.351
0.184	0.292	0.323	0.201
>DACCACARDNNN	5-DACCACARDNNN	7.838778	-294.280592	0	T:1389.0(30.43%),B:7199.9(16.08%),P:1e-127	Tpos:238.7,Tstd:167.7,Bpos:205.4,Bstd:127.1,StrandBias:-0.0,Multiplicity:1.23
0.370	0.110	0.291	0.229
0.520	0.197	0.282	0.001
0.001	0.922	0.076	0.001
0.001	0.997	0.001	0.001
0.985	0.008	0.001	0.006
0.001	0.997	0.001	0.001
0.997	0.001	0.001	0.001
0.365	0.147	0.487	0.001
0.337	0.183	0.221	0.258
0.288	0.285	0.249	0.178
0.316	0.232	0.197	0.254
0.257	0.219	0.196	0.328
>RTGACVTCATCM	6-RTGACVTCATCM	8.048567	-224.124284	0	T:609.0(13.34%),B:2317.7(5.18%),P:1e-97	Tpos:237.5,Tstd:168.9,Bpos:211.5,Bstd:136.7,StrandBias:0.0,Multiplicity:1.07
0.470	0.162	0.366	0.001
0.092	0.001	0.001	0.906
0.001	0.001	0.778	0.220
0.958	0.001	0.022	0.019
0.108	0.450	0.243	0.199
0.229	0.271	0.371	0.128
0.056	0.011	0.014	0.919
0.032	0.871	0.096	0.001
0.866	0.001	0.001	0.132
0.083	0.254	0.251	0.412
0.192	0.412	0.161	0.235
0.260	0.373	0.190	0.177
>GTGACTCGCACA	7-GTGACTCGCACA	9.721045	-191.822412	0	T:214.0(4.69%),B:392.3(0.88%),P:1e-83	Tpos:182.4,Tstd:115.8,Bpos:204.5,Bstd:133.1,StrandBias:-0.1,Multiplicity:1.01
0.001	0.154	0.728	0.117
0.037	0.001	0.128	0.834
0.037	0.141	0.821	0.001
0.890	0.059	0.050	0.001
0.147	0.837	0.001	0.015
0.048	0.028	0.037	0.887
0.156	0.712	0.079	0.053
0.223	0.066	0.598	0.113
0.001	0.852	0.146	0.001
0.727	0.075	0.073	0.125
0.045	0.881	0.073	0.001
0.925	0.001	0.001	0.073
>YNMGTCATCKBN	8-YNMGTCATCKBN	6.155364	-175.223256	0	T:623.0(13.65%),B:2729.7(6.10%),P:1e-76	Tpos:237.1,Tstd:166.2,Bpos:208.3,Bstd:132.5,StrandBias:0.1,Multiplicity:1.06
0.161	0.398	0.181	0.261
0.299	0.219	0.203	0.279
0.363	0.358	0.140	0.140
0.041	0.061	0.798	0.100
0.100	0.140	0.140	0.620
0.180	0.640	0.120	0.060
0.719	0.041	0.159	0.081
0.199	0.100	0.080	0.621
0.100	0.719	0.061	0.120
0.140	0.120	0.298	0.442
0.160	0.322	0.299	0.219
0.260	0.280	0.160	0.300
>AGTTACTCAGCC	9-AGTTACTCAGCC	7.654651	-149.602575	0	T:449.0(9.84%),B:1789.7(4.00%),P:1e-64	Tpos:266.4,Tstd:206.9,Bpos:209.2,Bstd:130.8,StrandBias:0.0,Multiplicity:1.02
0.788	0.037	0.085	0.090
0.085	0.066	0.739	0.110
0.109	0.079	0.085	0.727
0.095	0.130	0.085	0.690
0.674	0.099	0.111	0.116
0.062	0.788	0.069	0.081
0.106	0.099	0.029	0.766
0.083	0.749	0.090	0.078
0.845	0.025	0.023	0.107
0.084	0.079	0.756	0.081
0.105	0.735	0.071	0.089
0.116	0.742	0.036	0.106
>ATGAGWCATYTC	10-ATGAGWCATYTC	9.150526	-144.897861	0	T:194.0(4.25%),B:428.7(0.96%),P:1e-62	Tpos:245.8,Tstd:160.4,Bpos:207.0,Bstd:130.5,StrandBias:-0.2,Multiplicity:1.00
0.879	0.031	0.048	0.042
0.042	0.015	0.382	0.561
0.178	0.268	0.533	0.021
0.893	0.032	0.039	0.036
0.065	0.292	0.597	0.046
0.390	0.040	0.234	0.335
0.291	0.441	0.018	0.250
0.770	0.061	0.025	0.144
0.042	0.035	0.067	0.856
0.103	0.339	0.179	0.379
0.305	0.036	0.015	0.644
0.038	0.767	0.150	0.045
>TGCGTCATACTT	11-TGCGTCATACTT	7.304295	-110.080876	0	T:701.0(15.36%),B:3885.7(8.68%),P:1e-47	Tpos:238.0,Tstd:181.9,Bpos:209.5,Bstd:128.8,StrandBias:-0.0,Multiplicity:1.07
0.031	0.005	0.064	0.900
0.104	0.059	0.761	0.076
0.081	0.536	0.147	0.236
0.179	0.163	0.475	0.182
0.083	0.047	0.087	0.783
0.068	0.839	0.056	0.037
0.808	0.110	0.001	0.081
0.049	0.078	0.074	0.799
0.740	0.081	0.041	0.138
0.064	0.749	0.080	0.107
0.095	0.066	0.009	0.830
0.076	0.088	0.088	0.748
>GCTATTTTTAGC	12-GCTATTTTTAGC	9.154599	-81.599702	0	T:161.0(3.53%),B:491.3(1.10%),P:1e-35	Tpos:225.8,Tstd:176.2,Bpos:208.4,Bstd:126.8,StrandBias:-0.3,Multiplicity:1.03
0.151	0.094	0.672	0.083
0.082	0.808	0.037	0.073
0.040	0.117	0.001	0.842
0.881	0.037	0.065	0.017
0.047	0.034	0.001	0.918
0.025	0.047	0.023	0.905
0.070	0.095	0.023	0.812
0.159	0.071	0.047	0.723
0.071	0.088	0.047	0.794
0.928	0.001	0.070	0.001
0.088	0.047	0.823	0.042
0.097	0.790	0.041	0.072
>CGGTTGCCATAG	13-CGGTTGCCATAG	7.685163	-46.662392	0	T:354.0(7.76%),B:2054.0(4.59%),P:1e-20	Tpos:246.5,Tstd:183.8,Bpos:199.9,Bstd:126.1,StrandBias:-0.1,Multiplicity:1.04
0.159	0.533	0.160	0.148
0.129	0.056	0.642	0.173
0.049	0.104	0.771	0.076
0.080	0.088	0.054	0.778
0.059	0.021	0.097	0.823
0.051	0.104	0.748	0.097
0.071	0.794	0.043	0.092
0.072	0.849	0.004	0.075
0.830	0.057	0.026	0.087
0.112	0.083	0.118	0.687
0.716	0.048	0.155	0.081
0.070	0.057	0.832	0.041
>GGAGCCTGCCAG	14-GGAGCCTGCCAG	8.456300	-45.889853	0	T:231.0(5.06%),B:1164.6(2.60%),P:1e-19	Tpos:270.3,Tstd:200.8,Bpos:202.8,Bstd:124.9,StrandBias:-0.1,Multiplicity:1.06
0.138	0.068	0.660	0.134
0.136	0.146	0.621	0.097
0.687	0.069	0.123	0.121
0.125	0.108	0.649	0.118
0.127	0.618	0.134	0.121
0.111	0.685	0.075	0.129
0.146	0.064	0.068	0.722
0.078	0.134	0.670	0.118
0.117	0.632	0.134	0.117
0.117	0.692	0.075	0.116
0.706	0.072	0.075	0.147
0.125	0.107	0.659	0.109
>TCCCTGCCAAAA	15-TCCCTGCCAAAA	9.532381	-39.575363	0	T:143.0(3.13%),B:627.9(1.40%),P:1e-17	Tpos:238.1,Tstd:173.2,Bpos:203.6,Bstd:122.9,StrandBias:-0.2,Multiplicity:1.00
0.035	0.025	0.055	0.885
0.040	0.762	0.063	0.135
0.063	0.792	0.007	0.138
0.058	0.860	0.015	0.067
0.103	0.024	0.008	0.865
0.047	0.057	0.824	0.072
0.075	0.816	0.061	0.048
0.047	0.906	0.013	0.034
0.787	0.117	0.001	0.095
0.871	0.050	0.041	0.038
0.823	0.103	0.060	0.014
0.814	0.055	0.066	0.065
>AGGCAGCCTGCC	16-AGGCAGCCTGCC	9.641311	-39.557305	0	T:147.0(3.22%),B:653.6(1.46%),P:1e-17	Tpos:241.5,Tstd:161.6,Bpos:207.4,Bstd:123.4,StrandBias:0.4,Multiplicity:1.03
0.804	0.035	0.075	0.086
0.044	0.018	0.889	0.049
0.092	0.080	0.801	0.027
0.049	0.890	0.049	0.012
0.868	0.022	0.044	0.066
0.054	0.048	0.820	0.078
0.055	0.806	0.093	0.046
0.075	0.873	0.011	0.041
0.068	0.014	0.066	0.852
0.070	0.122	0.735	0.073
0.053	0.820	0.085	0.042
0.052	0.846	0.034	0.068
>GGGGAAAAAAAA	17-GGGGAAAAAAAA	10.218969	-27.187776	0	T:220.0(4.82%),B:1306.5(2.92%),P:1e-11	Tpos:242.6,Tstd:189.8,Bpos:209.0,Bstd:116.8,StrandBias:0.4,Multiplicity:1.03
0.153	0.085	0.723	0.039
0.096	0.001	0.696	0.207
0.148	0.001	0.804	0.047
0.150	0.001	0.717	0.132
0.802	0.001	0.105	0.092
0.827	0.001	0.059	0.113
0.997	0.001	0.001	0.001
0.976	0.001	0.022	0.001
0.870	0.001	0.001	0.128
0.918	0.022	0.032	0.028
0.826	0.070	0.001	0.103
0.816	0.085	0.001	0.098
>CAGTGAGGTTCC	18-CAGTGAGGTTCC	14.287351	-24.453189	0	T:10.0(0.22%),B:4.5(0.01%),P:1e-10	Tpos:245.5,Tstd:111.2,Bpos:73.3,Bstd:54.3,StrandBias:0.0,Multiplicity:1.00
0.001	0.997	0.001	0.001
0.997	0.001	0.001	0.001
0.111	0.001	0.887	0.001
0.001	0.001	0.001	0.997
0.001	0.111	0.887	0.001
0.997	0.001	0.001	0.001
0.001	0.001	0.997	0.001
0.001	0.001	0.997	0.001
0.001	0.001	0.001	0.997
0.001	0.001	0.001	0.997
0.001	0.997	0.001	0.001
0.001	0.997	0.001	0.001
>CCACACTGAATT	19-CCACACTGAATT	14.140100	-23.479058	0	T:11.0(0.24%),B:6.6(0.01%),P:1e-10	Tpos:179.4,Tstd:86.9,Bpos:123.8,Bstd:90.7,StrandBias:-0.6,Multiplicity:1.00
0.001	0.997	0.001	0.001
0.001	0.997	0.001	0.001
0.997	0.001	0.001	0.001
0.001	0.997	0.001	0.001
0.997	0.001	0.001	0.001
0.094	0.904	0.001	0.001
0.001	0.001	0.001	0.997
0.001	0.001	0.997	0.001
0.997	0.001	0.001	0.001
0.997	0.001	0.001	0.001
0.001	0.001	0.001	0.997
0.094	0.001	0.001	0.904
>GGAGTGGTTAGC	20-GGAGTGGTTAGC	13.235865	-22.497221	0	T:14.0(0.31%),B:13.7(0.03%),P:1e-9	Tpos:298.1,Tstd:223.1,Bpos:183.4,Bstd:128.8,StrandBias:1.7,Multiplicity:1.79
0.098	0.001	0.900	0.001
0.098	0.001	0.900	0.001
0.997	0.001	0.001	0.001
0.099	0.001	0.801	0.099
0.001	0.001	0.098	0.900
0.001	0.001	0.997	0.001
0.001	0.001	0.997	0.001
0.001	0.001	0.098	0.900
0.099	0.001	0.306	0.594
0.997	0.001	0.001	0.001
0.001	0.001	0.997	0.001
0.001	0.997	0.001	0.001
>AAAAGTCTTCAC	21-AAAAGTCTTCAC	15.026440	-16.290696	0	T:5.0(0.11%),B:1.6(0.00%),P:1e-7	Tpos:253.8,Tstd:209.2,Bpos:168.0,Bstd:0.0,StrandBias:2.0,Multiplicity:1.00
0.997	0.001	0.001	0.001
0.849	0.149	0.001	0.001
0.997	0.001	0.001	0.001
0.997	0.001	0.001	0.001
0.001	0.001	0.997	0.001
0.001	0.001	0.416	0.582
0.001	0.997	0.001	0.001
0.001	0.001	0.416	0.582
0.001	0.001	0.001	0.997
0.001	0.997	0.001	0.001
0.997	0.001	0.001	0.001
0.001	0.997	0.001	0.001
>GGAGGACTCTAG	22-GGAGGACTCTAG	14.160635	-12.393719	0	T:4.0(0.09%),B:2.0(0.00%),P:1e-5	Tpos:121.4,Tstd:81.7,Bpos:106.8,Bstd:122.4,StrandBias:3.2,Multiplicity:2.50
0.001	0.001	0.997	0.001
0.001	0.001	0.997	0.001
0.997	0.001	0.001	0.001
0.001	0.001	0.997	0.001
0.001	0.001	0.997	0.001
0.997	0.001	0.001	0.001
0.001	0.997	0.001	0.001
0.001	0.087	0.001	0.911
0.001	0.997	0.001	0.001
0.001	0.001	0.001	0.997
0.997	0.001	0.001	0.001
0.001	0.001	0.997	0.001
>AGTGTGAGCCTC	23-AGTGTGAGCCTC	13.943222	-8.580451	0	T:5.0(0.11%),B:6.0(0.01%),P:1e-3	Tpos:134.3,Tstd:93.2,Bpos:261.0,Bstd:98.3,StrandBias:10.0,Multiplicity:2.80
0.997	0.001	0.001	0.001
0.001	0.001	0.997	0.001
0.001	0.001	0.001	0.997
0.001	0.001	0.997	0.001
0.001	0.001	0.001	0.997
0.001	0.001	0.997	0.001
0.928	0.001	0.070	0.001
0.001	0.001	0.997	0.001
0.001	0.997	0.001	0.001
0.001	0.997	0.001	0.001
0.001	0.001	0.001	0.997
0.001	0.997	0.001	0.001
>GGCTCACTCATC	24-GGCTCACTCATC	14.016711	-7.065243	0	T:5.0(0.11%),B:7.3(0.02%),P:1e-3	Tpos:260.7,Tstd:141.0,Bpos:159.8,Bstd:125.5,StrandBias:4.0,Multiplicity:3.40
0.001	0.001	0.997	0.001
0.001	0.001	0.997	0.001
0.001	0.997	0.001	0.001
0.001	0.001	0.001	0.997
0.001	0.997	0.001	0.001
0.997	0.001	0.001	0.001
0.001	0.997	0.001	0.001
0.001	0.001	0.082	0.916
0.082	0.916	0.001	0.001
0.997	0.001	0.001	0.001
0.001	0.001	0.001	0.997
0.001	0.997	0.001	0.001
>AACTGGCTCACT	25-AACTGGCTCACT	13.645970	-4.008286	0	T:2.0(0.04%),B:2.1(0.00%),P:1e-1	Tpos:328.8,Tstd:125.0,Bpos:171.8,Bstd:19.8,StrandBias:10.0,Multiplicity:9.00
0.997	0.001	0.001	0.001
0.997	0.001	0.001	0.001
0.001	0.997	0.001	0.001
0.001	0.001	0.001	0.997
0.001	0.001	0.997	0.001
0.001	0.001	0.997	0.001
0.001	0.997	0.001	0.001
0.052	0.001	0.001	0.946
0.001	0.997	0.001	0.001
0.997	0.001	0.001	0.001
0.001	0.997	0.001	0.001
0.001	0.001	0.001	0.997
>ATGAGTCA	1-ATGAGTCA	6.739341	-4584.311347	0	T:3270.0(71.65%),B:5032.7(11.24%),P:1e-1990	Tpos:222.7,Tstd:138.9,Bpos:211.1,Bstd:136.8,StrandBias:-0.0,Multiplicity:1.40
0.604	0.150	0.216	0.030
0.001	0.001	0.001	0.997
0.001	0.001	0.967	0.031
0.997	0.001	0.001	0.001
0.040	0.218	0.709	0.033
0.001	0.001	0.001	0.997
0.015	0.983	0.001	0.001
0.997	0.001	0.001	0.001
>TTACTCAT	2-TTACTCAT	7.718147	-2833.807784	0	T:2381.0(52.17%),B:3938.5(8.80%),P:1e-1230	Tpos:225.3,Tstd:165.6,Bpos:210.2,Bstd:133.3,StrandBias:-0.1,Multiplicity:1.10
0.001	0.001	0.001	0.997
0.001	0.001	0.249	0.749
0.997	0.001	0.001	0.001
0.001	0.746	0.252	0.001
0.001	0.001	0.001	0.997
0.247	0.751	0.001	0.001
0.997	0.001	0.001	0.001
0.001	0.245	0.001	0.753
>TGAVTCAY	3-TGAVTCAY	5.380413	-2371.796190	0	T:3992.0(87.47%),B:17226.5(38.48%),P:1e-1030	Tpos:236.9,Tstd:169.3,Bpos:206.0,Bstd:134.1,StrandBias:0.0,Multiplicity:1.33
0.034	0.175	0.128	0.663
0.117	0.078	0.505	0.300
0.783	0.084	0.001	0.132
0.251	0.270	0.363	0.117
0.080	0.001	0.149	0.770
0.112	0.791	0.027	0.070
0.915	0.001	0.083	0.001
0.039	0.380	0.147	0.434
>AGGAATGY	4-AGGAATGY	6.239481	-445.680390	0	T:2250.0(49.30%),B:12718.7(28.41%),P:1e-193	Tpos:237.1,Tstd:174.0,Bpos:207.8,Bstd:128.1,StrandBias:-0.0,Multiplicity:1.43
0.529	0.060	0.102	0.309
0.079	0.015	0.905	0.001
0.030	0.055	0.874	0.041
0.893	0.057	0.020	0.030
0.933	0.023	0.001	0.043
0.016	0.016	0.031	0.937
0.014	0.085	0.650	0.251
0.068	0.501	0.009	0.422
>TGYGGTAW	5-TGYGGTAW	7.972793	-339.193570	0	T:1208.0(26.47%),B:5499.3(12.28%),P:1e-147	Tpos:239.1,Tstd:170.3,Bpos:205.9,Bstd:127.5,StrandBias:0.1,Multiplicity:1.19
0.001	0.001	0.001	0.997
0.001	0.001	0.997	0.001
0.001	0.440	0.001	0.558
0.001	0.001	0.997	0.001
0.001	0.001	0.997	0.001
0.001	0.001	0.001	0.997
0.523	0.215	0.001	0.261
0.523	0.001	0.001	0.475
>TGTGGCTC	6-TGTGGCTC	7.232803	-163.389296	0	T:1230.0(26.95%),B:7359.5(16.44%),P:1e-70	Tpos:252.2,Tstd:177.5,Bpos:207.2,Bstd:128.0,StrandBias:-0.0,Multiplicity:1.14
0.001	0.420	0.001	0.578
0.122	0.001	0.581	0.296
0.001	0.368	0.001	0.630
0.001	0.087	0.911	0.001
0.001	0.001	0.843	0.155
0.001	0.600	0.001	0.398
0.001	0.001	0.001	0.997
0.001	0.626	0.001	0.372
>TGACGTCA	7-TGACGTCA	6.713750	-138.454263	0	T:721.0(15.80%),B:3728.0(8.33%),P:1e-60	Tpos:240.2,Tstd:177.0,Bpos:209.2,Bstd:134.2,StrandBias:0.0,Multiplicity:1.08
0.070	0.119	0.009	0.802
0.069	0.038	0.665	0.228
0.799	0.063	0.047	0.091
0.001	0.813	0.185	0.001
0.261	0.196	0.490	0.052
0.109	0.001	0.016	0.874
0.020	0.842	0.117	0.021
0.724	0.124	0.050	0.102
>ATGACGTA	8-ATGACGTA	5.630089	-101.389431	0	T:904.0(19.81%),B:5580.7(12.47%),P:1e-44	Tpos:229.1,Tstd:165.9,Bpos:207.4,Bstd:132.0,StrandBias:0.2,Multiplicity:1.07
0.760	0.105	0.101	0.034
0.044	0.078	0.086	0.792
0.067	0.007	0.811	0.115
0.777	0.061	0.127	0.035
0.029	0.891	0.030	0.050
0.080	0.001	0.778	0.141
0.109	0.122	0.102	0.667
0.532	0.212	0.171	0.085
>YTTCCTGT	9-YTTCCTGT	7.093242	-61.615739	0	T:2019.0(44.24%),B:16311.3(36.44%),P:1e-26	Tpos:246.4,Tstd:189.2,Bpos:206.8,Bstd:126.1,StrandBias:0.1,Multiplicity:1.37
0.001	0.536	0.001	0.462
0.113	0.001	0.001	0.885
0.001	0.285	0.001	0.713
0.001	0.992	0.001	0.006
0.001	0.892	0.106	0.001
0.001	0.001	0.001	0.997
0.001	0.044	0.954	0.001
0.001	0.203	0.166	0.630
>TTCCCACG	10-TTCCCACG	6.722561	-57.934176	0	T:1169.0(25.61%),B:8627.6(19.27%),P:1e-25	Tpos:256.4,Tstd:194.6,Bpos:209.2,Bstd:127.5,StrandBias:-0.1,Multiplicity:1.21
0.001	0.090	0.013	0.896
0.001	0.001	0.021	0.977
0.021	0.961	0.001	0.017
0.047	0.935	0.001	0.017
0.001	0.987	0.011	0.001
0.938	0.034	0.001	0.027
0.001	0.739	0.209	0.051
0.293	0.056	0.650	0.001
>CATATTTC	11-CATATTTC	7.520643	-54.662889	0	T:741.0(16.24%),B:5021.6(11.22%),P:1e-23	Tpos:245.8,Tstd:182.3,Bpos:205.7,Bstd:129.7,StrandBias:0.1,Multiplicity:1.10
0.264	0.582	0.153	0.001
0.830	0.166	0.003	0.001
0.001	0.297	0.001	0.701
0.968	0.001	0.001	0.030
0.072	0.001	0.035	0.892
0.001	0.158	0.001	0.840
0.099	0.039	0.001	0.861
0.001	0.693	0.294	0.012
>CTCCACCC	12-CTCCACCC	7.462297	-51.130828	0	T:957.0(20.97%),B:6934.3(15.49%),P:1e-22	Tpos:259.6,Tstd:179.6,Bpos:206.4,Bstd:115.3,StrandBias:0.2,Multiplicity:1.27
0.001	0.913	0.001	0.085
0.001	0.377	0.001	0.621
0.001	0.997	0.001	0.001
0.001	0.997	0.001	0.001
0.914	0.001	0.084	0.001
0.001	0.997	0.001	0.001
0.001	0.930	0.068	0.001
0.001	0.997	0.001	0.001
>CACCACAG	13-CACCACAG	9.260301	-49.421482	0	T:482.0(10.56%),B:3006.2(6.72%),P:1e-21	Tpos:248.3,Tstd:192.7,Bpos:204.5,Bstd:126.6,StrandBias:0.1,Multiplicity:1.05
0.001	0.791	0.001	0.207
0.997	0.001	0.001	0.001
0.001	0.997	0.001	0.001
0.001	0.997	0.001	0.001
0.997	0.001	0.001	0.001
0.001	0.997	0.001	0.001
0.997	0.001	0.001	0.001
0.209	0.001	0.789	0.001
>CATCTGTT	14-CATCTGTT	6.192986	-46.348372	0	T:862.0(18.89%),B:6224.4(13.90%),P:1e-20	Tpos:253.8,Tstd:188.4,Bpos:205.0,Bstd:126.5,StrandBias:-0.1,Multiplicity:1.10
0.001	0.904	0.094	0.001
0.750	0.139	0.110	0.001
0.001	0.001	0.265	0.733
0.001	0.997	0.001	0.001
0.001	0.001	0.001	0.997
0.001	0.001	0.997	0.001
0.001	0.001	0.001	0.997
0.001	0.001	0.001	0.997
>TTBCCARA	15-TTBCCARA	6.129234	-43.927204	0	T:1380.0(30.24%),B:10899.7(24.35%),P:1e-19	Tpos:246.1,Tstd:189.2,Bpos:207.9,Bstd:127.7,StrandBias:-0.1,Multiplicity:1.19
0.076	0.118	0.017	0.789
0.061	0.029	0.200	0.710
0.144	0.187	0.336	0.334
0.011	0.943	0.005	0.041
0.161	0.703	0.078	0.058
0.772	0.056	0.036	0.136
0.360	0.187	0.315	0.138
0.601	0.053	0.202	0.144
>ATTTATRG	16-ATTTATRG	7.425919	-40.652187	0	T:489.0(10.71%),B:3211.1(7.17%),P:1e-17	Tpos:228.2,Tstd:184.7,Bpos:205.8,Bstd:126.3,StrandBias:0.1,Multiplicity:1.08
0.997	0.001	0.001	0.001
0.001	0.001	0.001	0.997
0.001	0.001	0.001	0.997
0.001	0.001	0.001	0.997
0.893	0.001	0.001	0.105
0.001	0.358	0.001	0.640
0.387	0.220	0.393	0.001
0.001	0.001	0.997	0.001
>TGAGCAAT	17-TGAGCAAT	7.774949	-40.642475	0	T:343.0(7.52%),B:2054.1(4.59%),P:1e-17	Tpos:246.5,Tstd:190.2,Bpos:204.2,Bstd:129.7,StrandBias:-0.2,Multiplicity:1.04
0.001	0.001	0.001	0.997
0.001	0.001	0.783	0.215
0.997	0.001	0.001	0.001
0.001	0.001	0.997	0.001
0.001	0.997	0.001	0.001
0.997	0.001	0.001	0.001
0.997	0.001	0.001	0.001
0.001	0.172	0.001	0.826
>WRGTATGC	18-WRGTATGC	7.304913	-40.476648	0	T:756.0(16.56%),B:5450.6(12.18%),P:1e-17	Tpos:231.8,Tstd:172.0,Bpos:207.2,Bstd:129.4,StrandBias:0.0,Multiplicity:1.11
0.388	0.174	0.001	0.438
0.552	0.001	0.446	0.001
0.001	0.001	0.981	0.017
0.001	0.160	0.001	0.838
0.997	0.001	0.001	0.001
0.001	0.001	0.001	0.997
0.001	0.001	0.997	0.001
0.001	0.747	0.001	0.251
>AAATTCTT	19-AAATTCTT	8.980359	-33.491343	0	T:400.0(8.76%),B:2621.5(5.86%),P:1e-14	Tpos:224.0,Tstd:163.4,Bpos:209.9,Bstd:125.0,StrandBias:0.0,Multiplicity:1.09
0.997	0.001	0.001	0.001
0.836	0.001	0.162	0.001
0.997	0.001	0.001	0.001
0.001	0.001	0.001	0.997
0.236	0.001	0.001	0.762
0.001	0.997	0.001	0.001
0.001	0.001	0.001	0.997
0.001	0.001	0.001	0.997
>CATTGTTT	20-CATTGTTT	8.082883	-32.056737	0	T:394.0(8.63%),B:2599.9(5.81%),P:1e-13	Tpos:255.8,Tstd:173.9,Bpos:205.0,Bstd:130.2,StrandBias:0.1,Multiplicity:1.05
0.001	0.997	0.001	0.001
0.914	0.001	0.084	0.001
0.001	0.135	0.001	0.863
0.306	0.001	0.001	0.692
0.001	0.001	0.997	0.001
0.001	0.001	0.001	0.997
0.001	0.001	0.001	0.997
0.001	0.001	0.001	0.997
>ATAGTAAC	21-ATAGTAAC	6.845028	-31.598693	0	T:500.0(10.96%),B:3482.2(7.78%),P:1e-13	Tpos:238.0,Tstd:180.6,Bpos:205.0,Bstd:126.1,StrandBias:0.1,Multiplicity:1.09
0.704	0.184	0.111	0.001
0.001	0.133	0.001	0.865
0.799	0.012	0.188	0.001
0.001	0.127	0.871	0.001
0.001	0.042	0.001	0.956
0.810	0.001	0.001	0.188
0.997	0.001	0.001	0.001
0.001	0.997	0.001	0.001
>GCCGGCTG	22-GCCGGCTG	5.961926	-31.513881	0	T:1339.0(29.34%),B:10933.3(24.42%),P:1e-13	Tpos:248.7,Tstd:183.8,Bpos:208.8,Bstd:131.5,StrandBias:0.0,Multiplicity:1.30
0.040	0.077	0.872	0.011
0.061	0.740	0.120	0.079
0.187	0.585	0.052	0.176
0.189	0.034	0.671	0.106
0.015	0.073	0.756	0.156
0.089	0.801	0.058	0.052
0.077	0.038	0.036	0.849
0.100	0.119	0.733	0.048
>GGCTDGGC	23-GGCTDGGC	6.935270	-26.861220	0	T:1058.0(23.18%),B:8525.7(19.04%),P:1e-11	Tpos:262.3,Tstd:197.1,Bpos:207.3,Bstd:124.9,StrandBias:0.0,Multiplicity:1.33
0.001	0.001	0.992	0.006
0.084	0.001	0.908	0.007
0.001	0.844	0.007	0.148
0.001	0.289	0.005	0.705
0.290	0.001	0.429	0.281
0.081	0.073	0.839	0.007
0.001	0.001	0.997	0.001
0.282	0.710	0.007	0.001
>GCTGAGCT	24-GCTGAGCT	10.677612	-24.227465	0	T:231.0(5.06%),B:1436.7(3.21%),P:1e-10	Tpos:267.5,Tstd:198.4,Bpos:205.7,Bstd:135.3,StrandBias:0.3,Multiplicity:1.08
0.001	0.001	0.997	0.001
0.001	0.834	0.164	0.001
0.001	0.001	0.001	0.997
0.001	0.190	0.808	0.001
0.997	0.001	0.001	0.001
0.001	0.001	0.997	0.001
0.001	0.997	0.001	0.001
0.001	0.001	0.001	0.997
>CCAACCAC	25-CCAACCAC	8.957358	-21.588804	0	T:133.0(2.91%),B:730.2(1.63%),P:1e-9	Tpos:243.6,Tstd:190.0,Bpos:208.4,Bstd:120.5,StrandBias:0.0,Multiplicity:1.03
0.001	0.997	0.001	0.001
0.001	0.997	0.001	0.001
0.997	0.001	0.001	0.001
0.997	0.001	0.001	0.001
0.001	0.997	0.001	0.001
0.001	0.997	0.001	0.001
0.877	0.001	0.121	0.001
0.001	0.997	0.001	0.001
