>ATGAGTCA	1-ATGAGTCA	6.739341	-4584.311347	0	T:3270.0(71.65%),B:5032.7(11.24%),P:1e-1990	Tpos:222.7,Tstd:138.9,Bpos:211.1,Bstd:136.8,StrandBias:-0.0,Multiplicity:1.40
0.604	0.150	0.216	0.030
0.001	0.001	0.001	0.997
0.001	0.001	0.967	0.031
0.997	0.001	0.001	0.001
0.040	0.218	0.709	0.033
0.001	0.001	0.001	0.997
0.015	0.983	0.001	0.001
0.997	0.001	0.001	0.001
>TTACTCAT	2-TTACTCAT	7.718147	-2833.807784	0	T:2381.0(52.17%),B:3938.5(8.80%),P:1e-1230	Tpos:225.3,Tstd:165.6,Bpos:210.2,Bstd:133.3,StrandBias:-0.1,Multiplicity:1.10
0.001	0.001	0.001	0.997
0.001	0.001	0.249	0.749
0.997	0.001	0.001	0.001
0.001	0.746	0.252	0.001
0.001	0.001	0.001	0.997
0.247	0.751	0.001	0.001
0.997	0.001	0.001	0.001
0.001	0.245	0.001	0.753
>TGAVTCAY	3-TGAVTCAY	5.380413	-2371.796190	0	T:3992.0(87.47%),B:17226.5(38.48%),P:1e-1030	Tpos:236.9,Tstd:169.3,Bpos:206.0,Bstd:134.1,StrandBias:0.0,Multiplicity:1.33
0.034	0.175	0.128	0.663
0.117	0.078	0.505	0.300
0.783	0.084	0.001	0.132
0.251	0.270	0.363	0.117
0.080	0.001	0.149	0.770
0.112	0.791	0.027	0.070
0.915	0.001	0.083	0.001
0.039	0.380	0.147	0.434
>AGGAATGY	4-AGGAATGY	6.239481	-445.680390	0	T:2250.0(49.30%),B:12718.7(28.41%),P:1e-193	Tpos:237.1,Tstd:174.0,Bpos:207.8,Bstd:128.1,StrandBias:-0.0,Multiplicity:1.43
0.529	0.060	0.102	0.309
0.079	0.015	0.905	0.001
0.030	0.055	0.874	0.041
0.893	0.057	0.020	0.030
0.933	0.023	0.001	0.043
0.016	0.016	0.031	0.937
0.014	0.085	0.650	0.251
0.068	0.501	0.009	0.422
>TGYGGTAW	5-TGYGGTAW	7.972793	-339.193570	0	T:1208.0(26.47%),B:5499.3(12.28%),P:1e-147	Tpos:239.1,Tstd:170.3,Bpos:205.9,Bstd:127.5,StrandBias:0.1,Multiplicity:1.19
0.001	0.001	0.001	0.997
0.001	0.001	0.997	0.001
0.001	0.440	0.001	0.558
0.001	0.001	0.997	0.001
0.001	0.001	0.997	0.001
0.001	0.001	0.001	0.997
0.523	0.215	0.001	0.261
0.523	0.001	0.001	0.475
>TGTGGCTC	6-TGTGGCTC	7.232803	-163.389296	0	T:1230.0(26.95%),B:7359.5(16.44%),P:1e-70	Tpos:252.2,Tstd:177.5,Bpos:207.2,Bstd:128.0,StrandBias:-0.0,Multiplicity:1.14
0.001	0.420	0.001	0.578
0.122	0.001	0.581	0.296
0.001	0.368	0.001	0.630
0.001	0.087	0.911	0.001
0.001	0.001	0.843	0.155
0.001	0.600	0.001	0.398
0.001	0.001	0.001	0.997
0.001	0.626	0.001	0.372
>TGACGTCA	7-TGACGTCA	6.713750	-138.454263	0	T:721.0(15.80%),B:3728.0(8.33%),P:1e-60	Tpos:240.2,Tstd:177.0,Bpos:209.2,Bstd:134.2,StrandBias:0.0,Multiplicity:1.08
0.070	0.119	0.009	0.802
0.069	0.038	0.665	0.228
0.799	0.063	0.047	0.091
0.001	0.813	0.185	0.001
0.261	0.196	0.490	0.052
0.109	0.001	0.016	0.874
0.020	0.842	0.117	0.021
0.724	0.124	0.050	0.102
>ATGACGTA	8-ATGACGTA	5.630089	-101.389431	0	T:904.0(19.81%),B:5580.7(12.47%),P:1e-44	Tpos:229.1,Tstd:165.9,Bpos:207.4,Bstd:132.0,StrandBias:0.2,Multiplicity:1.07
0.760	0.105	0.101	0.034
0.044	0.078	0.086	0.792
0.067	0.007	0.811	0.115
0.777	0.061	0.127	0.035
0.029	0.891	0.030	0.050
0.080	0.001	0.778	0.141
0.109	0.122	0.102	0.667
0.532	0.212	0.171	0.085
>YTTCCTGT	9-YTTCCTGT	7.093242	-61.615739	0	T:2019.0(44.24%),B:16311.3(36.44%),P:1e-26	Tpos:246.4,Tstd:189.2,Bpos:206.8,Bstd:126.1,StrandBias:0.1,Multiplicity:1.37
0.001	0.536	0.001	0.462
0.113	0.001	0.001	0.885
0.001	0.285	0.001	0.713
0.001	0.992	0.001	0.006
0.001	0.892	0.106	0.001
0.001	0.001	0.001	0.997
0.001	0.044	0.954	0.001
0.001	0.203	0.166	0.630
>TTCCCACG	10-TTCCCACG	6.722561	-57.934176	0	T:1169.0(25.61%),B:8627.6(19.27%),P:1e-25	Tpos:256.4,Tstd:194.6,Bpos:209.2,Bstd:127.5,StrandBias:-0.1,Multiplicity:1.21
0.001	0.090	0.013	0.896
0.001	0.001	0.021	0.977
0.021	0.961	0.001	0.017
0.047	0.935	0.001	0.017
0.001	0.987	0.011	0.001
0.938	0.034	0.001	0.027
0.001	0.739	0.209	0.051
0.293	0.056	0.650	0.001
>CATATTTC	11-CATATTTC	7.520643	-54.662889	0	T:741.0(16.24%),B:5021.6(11.22%),P:1e-23	Tpos:245.8,Tstd:182.3,Bpos:205.7,Bstd:129.7,StrandBias:0.1,Multiplicity:1.10
0.264	0.582	0.153	0.001
0.830	0.166	0.003	0.001
0.001	0.297	0.001	0.701
0.968	0.001	0.001	0.030
0.072	0.001	0.035	0.892
0.001	0.158	0.001	0.840
0.099	0.039	0.001	0.861
0.001	0.693	0.294	0.012
>CTCCACCC	12-CTCCACCC	7.462297	-51.130828	0	T:957.0(20.97%),B:6934.3(15.49%),P:1e-22	Tpos:259.6,Tstd:179.6,Bpos:206.4,Bstd:115.3,StrandBias:0.2,Multiplicity:1.27
0.001	0.913	0.001	0.085
0.001	0.377	0.001	0.621
0.001	0.997	0.001	0.001
0.001	0.997	0.001	0.001
0.914	0.001	0.084	0.001
0.001	0.997	0.001	0.001
0.001	0.930	0.068	0.001
0.001	0.997	0.001	0.001
>CACCACAG	13-CACCACAG	9.260301	-49.421482	0	T:482.0(10.56%),B:3006.2(6.72%),P:1e-21	Tpos:248.3,Tstd:192.7,Bpos:204.5,Bstd:126.6,StrandBias:0.1,Multiplicity:1.05
0.001	0.791	0.001	0.207
0.997	0.001	0.001	0.001
0.001	0.997	0.001	0.001
0.001	0.997	0.001	0.001
0.997	0.001	0.001	0.001
0.001	0.997	0.001	0.001
0.997	0.001	0.001	0.001
0.209	0.001	0.789	0.001
>CATCTGTT	14-CATCTGTT	6.192986	-46.348372	0	T:862.0(18.89%),B:6224.4(13.90%),P:1e-20	Tpos:253.8,Tstd:188.4,Bpos:205.0,Bstd:126.5,StrandBias:-0.1,Multiplicity:1.10
0.001	0.904	0.094	0.001
0.750	0.139	0.110	0.001
0.001	0.001	0.265	0.733
0.001	0.997	0.001	0.001
0.001	0.001	0.001	0.997
0.001	0.001	0.997	0.001
0.001	0.001	0.001	0.997
0.001	0.001	0.001	0.997
>TTBCCARA	15-TTBCCARA	6.129234	-43.927204	0	T:1380.0(30.24%),B:10899.7(24.35%),P:1e-19	Tpos:246.1,Tstd:189.2,Bpos:207.9,Bstd:127.7,StrandBias:-0.1,Multiplicity:1.19
0.076	0.118	0.017	0.789
0.061	0.029	0.200	0.710
0.144	0.187	0.336	0.334
0.011	0.943	0.005	0.041
0.161	0.703	0.078	0.058
0.772	0.056	0.036	0.136
0.360	0.187	0.315	0.138
0.601	0.053	0.202	0.144
>ATTTATRG	16-ATTTATRG	7.425919	-40.652187	0	T:489.0(10.71%),B:3211.1(7.17%),P:1e-17	Tpos:228.2,Tstd:184.7,Bpos:205.8,Bstd:126.3,StrandBias:0.1,Multiplicity:1.08
0.997	0.001	0.001	0.001
0.001	0.001	0.001	0.997
0.001	0.001	0.001	0.997
0.001	0.001	0.001	0.997
0.893	0.001	0.001	0.105
0.001	0.358	0.001	0.640
0.387	0.220	0.393	0.001
0.001	0.001	0.997	0.001
>TGAGCAAT	17-TGAGCAAT	7.774949	-40.642475	0	T:343.0(7.52%),B:2054.1(4.59%),P:1e-17	Tpos:246.5,Tstd:190.2,Bpos:204.2,Bstd:129.7,StrandBias:-0.2,Multiplicity:1.04
0.001	0.001	0.001	0.997
0.001	0.001	0.783	0.215
0.997	0.001	0.001	0.001
0.001	0.001	0.997	0.001
0.001	0.997	0.001	0.001
0.997	0.001	0.001	0.001
0.997	0.001	0.001	0.001
0.001	0.172	0.001	0.826
>WRGTATGC	18-WRGTATGC	7.304913	-40.476648	0	T:756.0(16.56%),B:5450.6(12.18%),P:1e-17	Tpos:231.8,Tstd:172.0,Bpos:207.2,Bstd:129.4,StrandBias:0.0,Multiplicity:1.11
0.388	0.174	0.001	0.438
0.552	0.001	0.446	0.001
0.001	0.001	0.981	0.017
0.001	0.160	0.001	0.838
0.997	0.001	0.001	0.001
0.001	0.001	0.001	0.997
0.001	0.001	0.997	0.001
0.001	0.747	0.001	0.251
>AAATTCTT	19-AAATTCTT	8.980359	-33.491343	0	T:400.0(8.76%),B:2621.5(5.86%),P:1e-14	Tpos:224.0,Tstd:163.4,Bpos:209.9,Bstd:125.0,StrandBias:0.0,Multiplicity:1.09
0.997	0.001	0.001	0.001
0.836	0.001	0.162	0.001
0.997	0.001	0.001	0.001
0.001	0.001	0.001	0.997
0.236	0.001	0.001	0.762
0.001	0.997	0.001	0.001
0.001	0.001	0.001	0.997
0.001	0.001	0.001	0.997
>CATTGTTT	20-CATTGTTT	8.082883	-32.056737	0	T:394.0(8.63%),B:2599.9(5.81%),P:1e-13	Tpos:255.8,Tstd:173.9,Bpos:205.0,Bstd:130.2,StrandBias:0.1,Multiplicity:1.05
0.001	0.997	0.001	0.001
0.914	0.001	0.084	0.001
0.001	0.135	0.001	0.863
0.306	0.001	0.001	0.692
0.001	0.001	0.997	0.001
0.001	0.001	0.001	0.997
0.001	0.001	0.001	0.997
0.001	0.001	0.001	0.997
>ATAGTAAC	21-ATAGTAAC	6.845028	-31.598693	0	T:500.0(10.96%),B:3482.2(7.78%),P:1e-13	Tpos:238.0,Tstd:180.6,Bpos:205.0,Bstd:126.1,StrandBias:0.1,Multiplicity:1.09
0.704	0.184	0.111	0.001
0.001	0.133	0.001	0.865
0.799	0.012	0.188	0.001
0.001	0.127	0.871	0.001
0.001	0.042	0.001	0.956
0.810	0.001	0.001	0.188
0.997	0.001	0.001	0.001
0.001	0.997	0.001	0.001
>GCCGGCTG	22-GCCGGCTG	5.961926	-31.513881	0	T:1339.0(29.34%),B:10933.3(24.42%),P:1e-13	Tpos:248.7,Tstd:183.8,Bpos:208.8,Bstd:131.5,StrandBias:0.0,Multiplicity:1.30
0.040	0.077	0.872	0.011
0.061	0.740	0.120	0.079
0.187	0.585	0.052	0.176
0.189	0.034	0.671	0.106
0.015	0.073	0.756	0.156
0.089	0.801	0.058	0.052
0.077	0.038	0.036	0.849
0.100	0.119	0.733	0.048
>GGCTDGGC	23-GGCTDGGC	6.935270	-26.861220	0	T:1058.0(23.18%),B:8525.7(19.04%),P:1e-11	Tpos:262.3,Tstd:197.1,Bpos:207.3,Bstd:124.9,StrandBias:0.0,Multiplicity:1.33
0.001	0.001	0.992	0.006
0.084	0.001	0.908	0.007
0.001	0.844	0.007	0.148
0.001	0.289	0.005	0.705
0.290	0.001	0.429	0.281
0.081	0.073	0.839	0.007
0.001	0.001	0.997	0.001
0.282	0.710	0.007	0.001
>GCTGAGCT	24-GCTGAGCT	10.677612	-24.227465	0	T:231.0(5.06%),B:1436.7(3.21%),P:1e-10	Tpos:267.5,Tstd:198.4,Bpos:205.7,Bstd:135.3,StrandBias:0.3,Multiplicity:1.08
0.001	0.001	0.997	0.001
0.001	0.834	0.164	0.001
0.001	0.001	0.001	0.997
0.001	0.190	0.808	0.001
0.997	0.001	0.001	0.001
0.001	0.001	0.997	0.001
0.001	0.997	0.001	0.001
0.001	0.001	0.001	0.997
>CCAACCAC	25-CCAACCAC	8.957358	-21.588804	0	T:133.0(2.91%),B:730.2(1.63%),P:1e-9	Tpos:243.6,Tstd:190.0,Bpos:208.4,Bstd:120.5,StrandBias:0.0,Multiplicity:1.03
0.001	0.997	0.001	0.001
0.001	0.997	0.001	0.001
0.997	0.001	0.001	0.001
0.997	0.001	0.001	0.001
0.001	0.997	0.001	0.001
0.001	0.997	0.001	0.001
0.877	0.001	0.121	0.001
0.001	0.997	0.001	0.001
