>TTTGCATAACAA	1-TTTGCATAACAA	7.236832	-981.964222	0	T:2774.0(40.17%),B:7420.4(17.50%),P:1e-426
0.019	0.024	0.026	0.931
0.102	0.124	0.039	0.735
0.254	0.002	0.008	0.736
0.162	0.126	0.700	0.012
0.221	0.761	0.001	0.017
0.952	0.005	0.001	0.042
0.137	0.015	0.014	0.834
0.550	0.091	0.165	0.194
0.640	0.017	0.121	0.222
0.114	0.490	0.270	0.126
0.771	0.080	0.001	0.148
0.718	0.087	0.126	0.069
