>WGAAACYTGCTT	25-WGAAACYTGCTT,BestGuess:IRF4(IRF)/GM12878-IRF4-ChIP-Seq(GSE32465)/Homer(0.636)	9.897046	-252.695931	0	T:150.0(2.17%),B:70.5(0.17%),P:1e-109
0.402	0.037	0.084	0.477
0.336	0.036	0.542	0.086
0.719	0.087	0.078	0.116
0.669	0.119	0.122	0.090
0.751	0.125	0.032	0.092
0.131	0.655	0.094	0.120
0.071	0.417	0.106	0.406
0.134	0.146	0.093	0.627
0.065	0.238	0.684	0.013
0.114	0.713	0.100	0.073
0.165	0.112	0.052	0.671
0.104	0.114	0.114	0.668
