>GTGCTAATTAGY	3-GTGCTAATTAGY	10.955614	-668.773106	0	T:142.0(2.06%),B:4.0(0.01%),P:1e-290
0.365	0.080	0.517	0.038
0.017	0.068	0.047	0.868
0.311	0.047	0.562	0.080
0.034	0.839	0.085	0.042
0.351	0.084	0.013	0.552
0.726	0.014	0.157	0.103
0.770	0.082	0.131	0.017
0.179	0.072	0.132	0.617
0.186	0.080	0.150	0.584
0.769	0.001	0.110	0.120
0.124	0.064	0.740	0.072
0.059	0.401	0.148	0.392
