>ATAGTGTAATWC	10-GWATTACACTAT	11.507215	-521.412382	0	T:122.0(1.77%),B:4.9(0.01%),P:1e-226
0.862	0.045	0.091	0.002
0.044	0.001	0.001	0.954
0.771	0.089	0.138	0.002
0.001	0.138	0.817	0.044
0.001	0.138	0.089	0.772
0.178	0.045	0.775	0.002
0.271	0.002	0.001	0.726
0.641	0.136	0.178	0.045
0.494	0.094	0.227	0.185
0.045	0.089	0.047	0.819
0.412	0.045	0.049	0.494
0.179	0.549	0.136	0.136
