>TTGGTAGGWAAC	7-TTGGTAGGWAAC,BestGuess:E2F8/MA0865.1/Jaspar(0.692)	12.977719	-571.946905	0	T:104.0(1.51%),B:1.4(0.00%),P:1e-248
0.055	0.055	0.053	0.837
0.362	0.034	0.050	0.554
0.071	0.042	0.826	0.061
0.081	0.072	0.771	0.076
0.029	0.074	0.058	0.839
0.543	0.037	0.362	0.058
0.088	0.024	0.799	0.089
0.061	0.071	0.794	0.074
0.376	0.071	0.055	0.498
0.843	0.047	0.042	0.068
0.863	0.053	0.029	0.055
0.055	0.834	0.058	0.053
