>GTTWCCTACCAA	7-TTGGTAGGWAAC	12.977719	-571.946905	0	T:104.0(1.51%),B:1.4(0.00%),P:1e-248
0.053	0.058	0.834	0.055
0.055	0.029	0.053	0.863
0.068	0.042	0.047	0.843
0.498	0.055	0.071	0.376
0.074	0.794	0.071	0.061
0.089	0.799	0.024	0.088
0.058	0.362	0.037	0.543
0.839	0.058	0.074	0.029
0.076	0.771	0.072	0.081
0.061	0.826	0.042	0.071
0.554	0.050	0.034	0.362
0.837	0.053	0.055	0.055
