>AAGRTGGCTRCC	6-GGYAGCCAYCTT	8.896650	-1268.726901	0	T:1046.0(39.79%),B:2764.6(6.06%),P:1e-550
0.658	0.232	0.055	0.055
0.824	0.059	0.071	0.046
0.058	0.062	0.823	0.057
0.401	0.249	0.302	0.047
0.072	0.192	0.143	0.593
0.129	0.040	0.703	0.128
0.064	0.077	0.734	0.125
0.046	0.848	0.052	0.054
0.052	0.365	0.041	0.542
0.471	0.085	0.346	0.099
0.049	0.633	0.257	0.061
0.070	0.770	0.094	0.066
