>ACAGGCGGVAGC	17-ACAGGCGGVAGC,BestGuess:POL011.1_XCPE1/Jaspar(0.651)	10.337441	-762.223348	0	T:696.0(26.47%),B:1953.4(4.28%),P:1e-331
0.602	0.057	0.292	0.049
0.027	0.884	0.035	0.054
0.601	0.287	0.069	0.043
0.040	0.040	0.909	0.011
0.038	0.040	0.892	0.030
0.031	0.895	0.041	0.033
0.071	0.031	0.849	0.049
0.050	0.290	0.632	0.028
0.381	0.295	0.296	0.028
0.609	0.068	0.290	0.033
0.065	0.042	0.845	0.048
0.018	0.901	0.040	0.041
