>GGRGTCCCGTRA	2-TYACGGGACYCC	9.796811	-1497.943124	0	T:912.0(34.69%),B:1467.3(3.22%),P:1e-650
0.255	0.182	0.516	0.047
0.158	0.028	0.790	0.024
0.504	0.020	0.426	0.050
0.087	0.104	0.764	0.045
0.022	0.023	0.179	0.776
0.027	0.838	0.040	0.095
0.026	0.858	0.076	0.040
0.033	0.822	0.051	0.094
0.177	0.088	0.626	0.109
0.174	0.024	0.273	0.529
0.510	0.035	0.403	0.052
0.467	0.204	0.267	0.061
