>RCCTAAGCCWCA	14-RCCTAAGCCWCA	11.087457	-931.678795	0	T:631.0(24.00%),B:1144.6(2.51%),P:1e-404
0.417	0.011	0.550	0.022
0.298	0.532	0.001	0.169
0.247	0.708	0.024	0.021
0.245	0.007	0.112	0.636
0.586	0.276	0.113	0.025
0.777	0.001	0.204	0.018
0.045	0.001	0.729	0.225
0.024	0.778	0.013	0.185
0.138	0.848	0.001	0.013
0.523	0.015	0.001	0.461
0.001	0.788	0.036	0.175
0.789	0.186	0.024	0.001
