>TTWGCATHACAA	1-TTWGCATHACAA,BestGuess:Pou5f1::Sox2/MA0142.1/Jaspar(0.910)	7.970009	-540.402877	0	T:889.0(25.58%),B:3412.5(7.41%),P:1e-234
0.084	0.040	0.002	0.874
0.226	0.141	0.075	0.558
0.415	0.003	0.080	0.502
0.260	0.167	0.550	0.023
0.127	0.840	0.016	0.017
0.923	0.019	0.001	0.057
0.117	0.082	0.083	0.718
0.327	0.186	0.159	0.327
0.580	0.063	0.097	0.260
0.175	0.481	0.255	0.089
0.925	0.009	0.001	0.065
0.799	0.019	0.163	0.019
