>WGRCTTAGCTAT	10-WGRCTTAGCTAT,BestGuess:MAF::NFE2/MA0501.1/Jaspar(0.605)	8.277175	-227.540440	0	T:98.0(2.82%),B:51.3(0.11%),P:1e-98
0.502	0.070	0.064	0.364
0.008	0.063	0.696	0.233
0.443	0.049	0.467	0.040
0.185	0.569	0.118	0.128
0.273	0.121	0.075	0.531
0.115	0.162	0.186	0.537
0.530	0.072	0.192	0.206
0.278	0.043	0.555	0.124
0.148	0.524	0.245	0.083
0.234	0.189	0.063	0.514
0.546	0.094	0.035	0.325
0.208	0.170	0.122	0.500
