>SWATTCAGTAAS	3-STTACTGAATWS	12.333001	-386.115570	0	T:119.0(3.42%),B:24.7(0.05%),P:1e-167
0.068	0.389	0.464	0.079
0.432	0.013	0.033	0.522
0.806	0.013	0.033	0.148
0.079	0.027	0.026	0.868
0.053	0.020	0.020	0.907
0.188	0.694	0.033	0.085
0.946	0.013	0.034	0.007
0.046	0.026	0.908	0.020
0.013	0.046	0.041	0.900
0.825	0.021	0.094	0.060
0.696	0.033	0.075	0.196
0.033	0.541	0.412	0.014
