>TACACRRGAATA	8-TATTCYYGTGTA	10.980523	-255.867227	0	T:121.0(3.48%),B:78.7(0.17%),P:1e-111
0.238	0.020	0.254	0.487
0.971	0.023	0.001	0.005
0.196	0.764	0.020	0.020
0.895	0.010	0.010	0.085
0.263	0.644	0.029	0.064
0.408	0.200	0.330	0.062
0.530	0.005	0.445	0.020
0.089	0.010	0.862	0.039
0.872	0.026	0.063	0.039
0.606	0.358	0.020	0.016
0.112	0.050	0.001	0.837
0.704	0.010	0.027	0.259
