>CCMYCTAGTG	1-CCMYCTAGTG	8.571578	-1461.519209	0	T:3540.0(17.92%),B:1963.9(6.56%),P:1e-634	Tpos:300.7,Tstd:283.5,Bpos:349.3,Bstd:204.8,StrandBias:0.1,Multiplicity:1.06
0.013	0.958	0.006	0.023
0.001	0.980	0.018	0.001
0.505	0.444	0.032	0.019
0.013	0.481	0.014	0.492
0.002	0.992	0.003	0.003
0.001	0.017	0.013	0.969
0.549	0.007	0.329	0.115
0.014	0.205	0.759	0.022
0.029	0.068	0.027	0.876
0.003	0.001	0.993	0.003
>RRWTMCGCCT	2-RRWTMCGCCT	6.249513	-493.804032	0	T:9035.0(45.74%),B:10456.0(34.92%),P:1e-214	Tpos:499.8,Tstd:319.8,Bpos:323.6,Bstd:190.5,StrandBias:-0.0,Multiplicity:2.00
0.343	0.016	0.403	0.237
0.472	0.027	0.439	0.061
0.342	0.216	0.040	0.402
0.054	0.307	0.058	0.581
0.400	0.518	0.037	0.045
0.022	0.900	0.056	0.022
0.041	0.002	0.922	0.035
0.062	0.770	0.102	0.066
0.078	0.782	0.080	0.060
0.019	0.399	0.017	0.565
>GGGCGGARCY	3-GGGCGGARCY	7.983618	-309.850705	0	T:9424.0(47.71%),B:11686.1(39.03%),P:1e-134	Tpos:521.8,Tstd:332.8,Bpos:347.9,Bstd:201.1,StrandBias:-0.0,Multiplicity:1.74
0.060	0.013	0.867	0.060
0.013	0.086	0.871	0.030
0.042	0.001	0.886	0.071
0.116	0.752	0.001	0.131
0.001	0.016	0.963	0.020
0.029	0.001	0.964	0.006
0.534	0.019	0.366	0.081
0.346	0.214	0.430	0.010
0.186	0.605	0.176	0.033
0.084	0.349	0.155	0.411
>CTAACCCTAA	4-CTAACCCTAA	10.296193	-264.862734	0	T:188.0(0.95%),B:29.2(0.10%),P:1e-115	Tpos:229.9,Tstd:121.8,Bpos:331.4,Bstd:202.0,StrandBias:-0.3,Multiplicity:9.69
0.100	0.700	0.100	0.100
0.100	0.100	0.100	0.700
0.700	0.100	0.100	0.100
0.700	0.100	0.100	0.100
0.100	0.700	0.100	0.100
0.100	0.700	0.100	0.100
0.100	0.700	0.100	0.100
0.100	0.100	0.100	0.700
0.700	0.100	0.100	0.100
0.700	0.100	0.100	0.100
>NNCCGGAANN	5-NNCCGGAANN	5.373677	-262.106223	0	T:7488.0(37.91%),B:9078.9(30.32%),P:1e-113	Tpos:495.9,Tstd:343.7,Bpos:361.1,Bstd:215.5,StrandBias:0.1,Multiplicity:1.55
0.262	0.234	0.201	0.303
0.238	0.262	0.205	0.295
0.001	0.509	0.326	0.164
0.001	0.813	0.185	0.001
0.001	0.179	0.819	0.001
0.243	0.001	0.755	0.001
0.578	0.001	0.420	0.001
0.465	0.090	0.209	0.236
0.279	0.225	0.233	0.263
0.209	0.250	0.201	0.340
>GAWWTGTAGT	6-GAWWTGTAGT	9.453810	-173.905259	0	T:629.0(3.18%),B:416.9(1.39%),P:1e-75	Tpos:439.5,Tstd:296.2,Bpos:275.1,Bstd:192.4,StrandBias:0.0,Multiplicity:1.12
0.001	0.008	0.990	0.001
0.766	0.001	0.023	0.210
0.296	0.190	0.126	0.388
0.347	0.113	0.082	0.457
0.055	0.091	0.079	0.775
0.010	0.199	0.790	0.001
0.233	0.129	0.027	0.611
0.827	0.026	0.047	0.100
0.001	0.080	0.918	0.001
0.001	0.017	0.001	0.981
>AAAACCGCGC	7-AAAACCGCGC	6.332353	-162.810743	0	T:5486.0(27.77%),B:6690.2(22.34%),P:1e-70	Tpos:505.8,Tstd:357.6,Bpos:360.9,Bstd:225.3,StrandBias:-0.0,Multiplicity:1.30
0.691	0.105	0.113	0.091
0.705	0.099	0.121	0.075
0.678	0.109	0.121	0.092
0.681	0.115	0.103	0.101
0.107	0.694	0.099	0.100
0.111	0.718	0.089	0.082
0.080	0.092	0.737	0.091
0.090	0.748	0.092	0.070
0.110	0.106	0.674	0.110
0.092	0.674	0.116	0.118
>TGATTGGTTA	8-TGATTGGTTA	8.429634	-157.062224	0	T:1226.0(6.21%),B:1091.5(3.65%),P:1e-68	Tpos:432.0,Tstd:289.4,Bpos:304.2,Bstd:178.7,StrandBias:-0.0,Multiplicity:1.16
0.029	0.130	0.261	0.580
0.059	0.023	0.898	0.020
0.901	0.041	0.032	0.026
0.027	0.001	0.032	0.940
0.217	0.109	0.015	0.659
0.014	0.048	0.922	0.016
0.028	0.007	0.953	0.012
0.076	0.214	0.030	0.680
0.031	0.174	0.049	0.746
0.723	0.067	0.161	0.049
>TGCGAATGCG	9-TGCGAATGCG	6.936883	-156.346549	0	T:3988.0(20.19%),B:4646.6(15.52%),P:1e-67	Tpos:488.1,Tstd:324.2,Bpos:337.9,Bstd:202.3,StrandBias:0.0,Multiplicity:1.31
0.084	0.078	0.063	0.775
0.066	0.042	0.875	0.017
0.058	0.841	0.063	0.038
0.114	0.037	0.808	0.041
0.672	0.230	0.032	0.066
0.716	0.149	0.054	0.081
0.093	0.048	0.064	0.795
0.018	0.043	0.879	0.060
0.110	0.812	0.043	0.035
0.062	0.045	0.830	0.063
>CGCGTTGCAA	10-CGCGTTGCAA	6.113530	-140.197884	0	T:5206.0(26.35%),B:6409.6(21.41%),P:1e-60	Tpos:503.6,Tstd:366.2,Bpos:364.1,Bstd:227.6,StrandBias:-0.0,Multiplicity:1.28
0.099	0.690	0.111	0.100
0.073	0.091	0.737	0.099
0.086	0.694	0.127	0.093
0.096	0.091	0.697	0.116
0.088	0.117	0.124	0.671
0.096	0.084	0.092	0.728
0.081	0.111	0.693	0.115
0.110	0.692	0.104	0.094
0.679	0.089	0.112	0.120
0.719	0.084	0.100	0.097
>TTTCCCGGCG	11-TTTCCCGGCG	5.853325	-118.244212	0	T:5583.0(28.26%),B:7063.6(23.59%),P:1e-51	Tpos:555.9,Tstd:364.5,Bpos:372.3,Bstd:227.5,StrandBias:-0.0,Multiplicity:1.45
0.140	0.152	0.138	0.570
0.129	0.155	0.125	0.591
0.131	0.157	0.142	0.570
0.117	0.599	0.141	0.143
0.128	0.581	0.163	0.128
0.117	0.621	0.146	0.116
0.122	0.156	0.606	0.116
0.108	0.161	0.613	0.118
0.122	0.630	0.133	0.115
0.110	0.134	0.617	0.139
>TTACCGGTCT	12-TTACCGGTCT	10.296193	-81.966115	0	T:39.0(0.20%),B:3.0(0.01%),P:1e-35	Tpos:330.6,Tstd:240.4,Bpos:251.8,Bstd:137.5,StrandBias:-0.1,Multiplicity:1.00
0.100	0.100	0.100	0.700
0.100	0.100	0.100	0.700
0.700	0.100	0.100	0.100
0.100	0.700	0.100	0.100
0.100	0.700	0.100	0.100
0.100	0.100	0.700	0.100
0.100	0.100	0.700	0.100
0.100	0.100	0.100	0.700
0.100	0.700	0.100	0.100
0.100	0.100	0.100	0.700
>CGACTTTGAT	13-CGACTTTGAT	10.296193	-68.690955	0	T:38.0(0.19%),B:4.7(0.02%),P:1e-29	Tpos:514.4,Tstd:652.0,Bpos:172.0,Bstd:89.9,StrandBias:0.3,Multiplicity:1.00
0.100	0.700	0.100	0.100
0.100	0.100	0.700	0.100
0.700	0.100	0.100	0.100
0.100	0.700	0.100	0.100
0.100	0.100	0.100	0.700
0.100	0.100	0.100	0.700
0.100	0.100	0.100	0.700
0.100	0.100	0.700	0.100
0.700	0.100	0.100	0.100
0.100	0.100	0.100	0.700
>AGTTGAATAG	14-AGTTGAATAG	10.296193	-68.683319	0	T:44.0(0.22%),B:6.4(0.02%),P:1e-29	Tpos:281.8,Tstd:265.6,Bpos:472.5,Bstd:223.1,StrandBias:-0.1,Multiplicity:1.00
0.700	0.100	0.100	0.100
0.100	0.100	0.700	0.100
0.100	0.100	0.100	0.700
0.100	0.100	0.100	0.700
0.100	0.100	0.700	0.100
0.700	0.100	0.100	0.100
0.700	0.100	0.100	0.100
0.100	0.100	0.100	0.700
0.700	0.100	0.100	0.100
0.100	0.100	0.700	0.100
>TTGGGCAAAA	15-TTGGGCAAAA	10.296193	-64.787457	0	T:64.0(0.32%),B:16.7(0.06%),P:1e-28	Tpos:334.3,Tstd:278.0,Bpos:311.1,Bstd:222.2,StrandBias:0.2,Multiplicity:1.00
0.100	0.100	0.100	0.700
0.100	0.100	0.100	0.700
0.100	0.100	0.700	0.100
0.100	0.100	0.700	0.100
0.100	0.100	0.700	0.100
0.100	0.700	0.100	0.100
0.700	0.100	0.100	0.100
0.700	0.100	0.100	0.100
0.700	0.100	0.100	0.100
0.700	0.100	0.100	0.100
>CCACGGTTAA	16-CCACGGTTAA	9.413053	-58.357691	0	T:27.0(0.14%),B:3.0(0.01%),P:1e-25	Tpos:269.9,Tstd:195.3,Bpos:283.2,Bstd:138.6,StrandBias:0.3,Multiplicity:1.00
0.001	0.997	0.001	0.001
0.001	0.986	0.001	0.012
0.997	0.001	0.001	0.001
0.001	0.997	0.001	0.001
0.001	0.001	0.997	0.001
0.001	0.001	0.997	0.001
0.001	0.001	0.001	0.997
0.001	0.001	0.001	0.997
0.997	0.001	0.001	0.001
0.997	0.001	0.001	0.001
>ATCATATTGA	17-ATCATATTGA	10.296193	-58.170466	0	T:34.0(0.17%),B:4.6(0.02%),P:1e-25	Tpos:243.2,Tstd:188.4,Bpos:268.3,Bstd:171.2,StrandBias:0.2,Multiplicity:1.00
0.700	0.100	0.100	0.100
0.100	0.100	0.100	0.700
0.100	0.700	0.100	0.100
0.700	0.100	0.100	0.100
0.100	0.100	0.100	0.700
0.700	0.100	0.100	0.100
0.100	0.100	0.100	0.700
0.100	0.100	0.100	0.700
0.100	0.100	0.700	0.100
0.700	0.100	0.100	0.100
>GTCTAAACTA	18-GTCTAAACTA	10.296193	-56.852086	0	T:46.0(0.23%),B:9.8(0.03%),P:1e-24	Tpos:252.6,Tstd:218.0,Bpos:261.6,Bstd:230.9,StrandBias:0.4,Multiplicity:1.00
0.100	0.100	0.700	0.100
0.100	0.100	0.100	0.700
0.100	0.700	0.100	0.100
0.100	0.100	0.100	0.700
0.700	0.100	0.100	0.100
0.700	0.100	0.100	0.100
0.700	0.100	0.100	0.100
0.100	0.700	0.100	0.100
0.100	0.100	0.100	0.700
0.700	0.100	0.100	0.100
>CTTGCAAGCT	19-CTTGCAAGCT	10.296193	-28.875917	0	T:67.0(0.34%),B:36.6(0.12%),P:1e-12	Tpos:365.3,Tstd:242.1,Bpos:363.5,Bstd:203.3,StrandBias:-0.1,Multiplicity:1.00
0.100	0.700	0.100	0.100
0.100	0.100	0.100	0.700
0.100	0.100	0.100	0.700
0.100	0.100	0.700	0.100
0.100	0.700	0.100	0.100
0.700	0.100	0.100	0.100
0.700	0.100	0.100	0.100
0.100	0.100	0.700	0.100
0.100	0.700	0.100	0.100
0.100	0.100	0.100	0.700
>GGTCTGGGTC	20-GGTCTGGGTC	6.928147	-3.255516	0	T:303.0(1.53%),B:414.7(1.38%),P:1e-1	Tpos:376.7,Tstd:299.0,Bpos:359.9,Bstd:204.0,StrandBias:-0.3,Multiplicity:1.63
0.001	0.001	0.997	0.001
0.001	0.001	0.997	0.001
0.001	0.001	0.001	0.997
0.001	0.997	0.001	0.001
0.184	0.001	0.001	0.814
0.001	0.001	0.997	0.001
0.001	0.001	0.997	0.001
0.001	0.001	0.997	0.001
0.001	0.001	0.001	0.997
0.001	0.997	0.001	0.001
>AGCACAGCAC	21-AGCACAGCAC	10.296193	-2.768798	0	T:82.0(0.42%),B:104.8(0.35%),P:1e-1	Tpos:381.5,Tstd:361.1,Bpos:353.6,Bstd:182.7,StrandBias:-0.8,Multiplicity:7.00
0.700	0.100	0.100	0.100
0.100	0.100	0.700	0.100
0.100	0.700	0.100	0.100
0.700	0.100	0.100	0.100
0.100	0.700	0.100	0.100
0.700	0.100	0.100	0.100
0.100	0.100	0.700	0.100
0.100	0.700	0.100	0.100
0.700	0.100	0.100	0.100
0.100	0.700	0.100	0.100
>AGTGCTGAAC	22-AGTGCTGAAC	10.296193	-2.553233	0	T:19.0(0.10%),B:20.5(0.07%),P:1e-1	Tpos:429.9,Tstd:316.6,Bpos:240.7,Bstd:171.4,StrandBias:2.7,Multiplicity:4.37
0.700	0.100	0.100	0.100
0.100	0.100	0.700	0.100
0.100	0.100	0.100	0.700
0.100	0.100	0.700	0.100
0.100	0.700	0.100	0.100
0.100	0.100	0.100	0.700
0.100	0.100	0.700	0.100
0.700	0.100	0.100	0.100
0.700	0.100	0.100	0.100
0.100	0.700	0.100	0.100
>GCAGGAGGCA	23-GCAGGAGGCA	11.005684	-1.762064	0	T:243.0(1.23%),B:347.0(1.16%),P:1e0	Tpos:347.1,Tstd:319.4,Bpos:355.1,Bstd:181.3,StrandBias:-0.2,Multiplicity:2.35
0.001	0.001	0.997	0.001
0.001	0.997	0.001	0.001
0.997	0.001	0.001	0.001
0.001	0.001	0.997	0.001
0.001	0.001	0.997	0.001
0.997	0.001	0.001	0.001
0.001	0.059	0.939	0.001
0.001	0.001	0.997	0.001
0.001	0.997	0.001	0.001
0.997	0.001	0.001	0.001
>CTGTGCCTGT	24-CTGTGCCTGT	11.069387	-1.258563	0	T:248.0(1.26%),B:362.4(1.21%),P:1e0	Tpos:350.3,Tstd:325.3,Bpos:351.4,Bstd:189.4,StrandBias:1.2,Multiplicity:2.94
0.050	0.948	0.001	0.001
0.001	0.001	0.013	0.985
0.001	0.078	0.920	0.001
0.001	0.011	0.001	0.987
0.001	0.001	0.997	0.001
0.013	0.985	0.001	0.001
0.001	0.997	0.001	0.001
0.050	0.001	0.001	0.948
0.012	0.067	0.920	0.001
0.001	0.001	0.001	0.997
>CTCTGCCTCT	25-CTCTGCCTCT	13.832898	-0.473239	0	T:339.0(1.72%),B:522.2(1.74%),P:1e0	Tpos:291.0,Tstd:245.3,Bpos:358.5,Bstd:179.7,StrandBias:-0.0,Multiplicity:12.06
0.001	0.997	0.001	0.001
0.001	0.001	0.001	0.997
0.001	0.997	0.001	0.001
0.001	0.001	0.001	0.997
0.001	0.001	0.997	0.001
0.001	0.997	0.001	0.001
0.001	0.997	0.001	0.001
0.001	0.001	0.001	0.997
0.001	0.997	0.001	0.001
0.001	0.001	0.001	0.997
>GCCMCCTAGTGG	1-GCCMCCTAGTGG	10.626249	-2507.705227	0	T:2190.0(11.09%),B:468.9(1.57%),P:1e-1089	Tpos:257.1,Tstd:229.8,Bpos:343.4,Bstd:201.2,StrandBias:0.1,Multiplicity:1.03
0.049	0.006	0.848	0.097
0.036	0.919	0.025	0.020
0.004	0.984	0.007	0.005
0.411	0.557	0.014	0.018
0.009	0.590	0.003	0.398
0.001	0.992	0.003	0.004
0.011	0.032	0.007	0.950
0.556	0.017	0.315	0.112
0.009	0.157	0.824	0.010
0.043	0.026	0.018	0.913
0.003	0.002	0.991	0.004
0.025	0.015	0.876	0.084
>CGCCMYCTRGTG	2-CGCCMYCTRGTG	9.383355	-2089.932821	0	T:4662.0(23.60%),B:2509.0(8.38%),P:1e-907	Tpos:353.5,Tstd:314.0,Bpos:354.9,Bstd:206.8,StrandBias:-0.1,Multiplicity:1.06
0.001	0.611	0.001	0.387
0.171	0.001	0.656	0.172
0.158	0.840	0.001	0.001
0.001	0.997	0.001	0.001
0.430	0.542	0.011	0.017
0.001	0.558	0.001	0.440
0.001	0.997	0.001	0.001
0.018	0.079	0.001	0.902
0.414	0.072	0.411	0.103
0.001	0.384	0.614	0.001
0.174	0.208	0.014	0.604
0.001	0.001	0.997	0.001
>RGGGCGGGGCYN	3-RGGGCGGGGCYN	8.707101	-623.352908	0	T:8382.0(42.43%),B:9149.3(30.56%),P:1e-270	Tpos:506.5,Tstd:309.6,Bpos:318.2,Bstd:177.3,StrandBias:-0.0,Multiplicity:2.03
0.283	0.009	0.429	0.278
0.354	0.001	0.644	0.001
0.001	0.001	0.997	0.001
0.001	0.001	0.997	0.001
0.001	0.997	0.001	0.001
0.001	0.001	0.997	0.001
0.001	0.001	0.713	0.285
0.233	0.001	0.686	0.080
0.149	0.150	0.526	0.175
0.137	0.560	0.001	0.302
0.116	0.384	0.148	0.353
0.248	0.234	0.208	0.311
>ACCCTAACCCTA	4-ACCCTAACCCTA	13.368516	-409.434499	0	T:175.0(0.89%),B:10.4(0.03%),P:1e-177	Tpos:228.7,Tstd:116.2,Bpos:302.4,Bstd:137.9,StrandBias:-0.3,Multiplicity:9.81
0.997	0.001	0.001	0.001
0.009	0.989	0.001	0.001
0.001	0.958	0.001	0.040
0.001	0.997	0.001	0.001
0.001	0.001	0.001	0.997
0.997	0.001	0.001	0.001
0.997	0.001	0.001	0.001
0.001	0.994	0.001	0.004
0.001	0.993	0.001	0.005
0.001	0.997	0.001	0.001
0.001	0.001	0.001	0.997
0.997	0.001	0.001	0.001
>GGGAATTGTAGT	5-GGGAATTGTAGT	11.119164	-222.103304	0	T:668.0(3.38%),B:402.6(1.34%),P:1e-96	Tpos:460.3,Tstd:288.2,Bpos:261.4,Bstd:161.8,StrandBias:-0.0,Multiplicity:1.19
0.032	0.020	0.912	0.036
0.032	0.003	0.935	0.030
0.059	0.020	0.889	0.032
0.797	0.030	0.117	0.056
0.484	0.093	0.203	0.220
0.289	0.055	0.052	0.604
0.015	0.079	0.045	0.861
0.003	0.019	0.946	0.032
0.057	0.083	0.029	0.831
0.920	0.010	0.032	0.038
0.020	0.025	0.917	0.038
0.029	0.020	0.043	0.908
>GTCACTCAAGAC	6-GTCACTCAAGAC	14.617587	-187.493905	0	T:54.0(0.27%),B:1.4(0.00%),P:1e-81	Tpos:363.0,Tstd:201.7,Bpos:531.0,Bstd:183.7,StrandBias:0.4,Multiplicity:1.00
0.001	0.001	0.997	0.001
0.001	0.001	0.001	0.997
0.001	0.997	0.001	0.001
0.895	0.103	0.001	0.001
0.001	0.895	0.001	0.103
0.001	0.001	0.001	0.997
0.001	0.997	0.001	0.001
0.793	0.001	0.103	0.103
0.895	0.001	0.001	0.103
0.001	0.001	0.997	0.001
0.895	0.001	0.001	0.103
0.001	0.732	0.001	0.266
>TCYRATTGSYYA	7-TCYRATTGSYYA	8.265342	-148.388681	0	T:467.0(2.36%),B:288.6(0.96%),P:1e-64	Tpos:410.5,Tstd:265.4,Bpos:307.5,Bstd:154.6,StrandBias:0.0,Multiplicity:1.19
0.083	0.230	0.236	0.451
0.054	0.589	0.194	0.163
0.106	0.448	0.079	0.367
0.278	0.191	0.357	0.174
0.738	0.037	0.195	0.030
0.044	0.022	0.270	0.664
0.084	0.012	0.051	0.853
0.012	0.071	0.791	0.126
0.032	0.432	0.500	0.036
0.106	0.431	0.060	0.403
0.024	0.335	0.163	0.478
0.427	0.185	0.236	0.152
>AAACTAGGACTG	8-AAACTAGGACTG	14.459458	-135.923722	0	T:42.0(0.21%),B:1.6(0.01%),P:1e-59	Tpos:231.3,Tstd:130.5,Bpos:287.3,Bstd:192.1,StrandBias:0.4,Multiplicity:1.00
0.817	0.049	0.061	0.073
0.927	0.001	0.036	0.036
0.853	0.012	0.036	0.099
0.049	0.846	0.056	0.049
0.061	0.024	0.036	0.879
0.774	0.061	0.036	0.129
0.012	0.061	0.866	0.061
0.049	0.073	0.854	0.024
0.805	0.061	0.061	0.073
0.097	0.757	0.049	0.097
0.036	0.049	0.049	0.866
0.097	0.085	0.782	0.036
>AACACCCATGAT	9-AACACCCATGAT	16.579341	-131.767798	0	T:41.0(0.21%),B:1.5(0.01%),P:1e-57	Tpos:239.0,Tstd:138.1,Bpos:48.0,Bstd:23.4,StrandBias:0.2,Multiplicity:1.00
0.997	0.001	0.001	0.001
0.997	0.001	0.001	0.001
0.001	0.997	0.001	0.001
0.997	0.001	0.001	0.001
0.006	0.992	0.001	0.001
0.001	0.997	0.001	0.001
0.001	0.997	0.001	0.001
0.997	0.001	0.001	0.001
0.001	0.001	0.001	0.997
0.001	0.006	0.987	0.006
0.992	0.001	0.001	0.006
0.001	0.001	0.001	0.997
>GATAGGTTAAAG	10-GATAGGTTAAAG	13.162431	-127.636004	0	T:40.0(0.20%),B:1.5(0.01%),P:1e-55	Tpos:243.5,Tstd:129.8,Bpos:44.9,Bstd:0.9,StrandBias:0.0,Multiplicity:1.00
0.102	0.068	0.747	0.083
0.761	0.079	0.073	0.087
0.077	0.074	0.055	0.794
0.636	0.062	0.153	0.149
0.086	0.045	0.786	0.083
0.143	0.074	0.699	0.084
0.068	0.081	0.056	0.795
0.080	0.124	0.085	0.711
0.796	0.057	0.064	0.083
0.758	0.079	0.064	0.099
0.790	0.058	0.071	0.081
0.084	0.107	0.730	0.079
>TAAAYACTTTTG	11-TAAAYACTTTTG	14.247734	-127.636004	0	T:40.0(0.20%),B:2.0(0.01%),P:1e-55	Tpos:251.1,Tstd:206.5,Bpos:360.2,Bstd:213.8,StrandBias:0.4,Multiplicity:1.00
0.001	0.082	0.001	0.916
0.835	0.082	0.082	0.001
0.833	0.001	0.165	0.001
0.708	0.001	0.043	0.248
0.001	0.539	0.001	0.459
0.984	0.001	0.001	0.014
0.014	0.984	0.001	0.001
0.001	0.001	0.001	0.997
0.165	0.082	0.001	0.752
0.082	0.001	0.001	0.916
0.001	0.001	0.001	0.997
0.083	0.083	0.669	0.165
>GACTGSTGASTT	12-GACTGSTGASTT	14.090058	-120.335758	0	T:60.0(0.30%),B:6.0(0.02%),P:1e-52	Tpos:291.0,Tstd:185.8,Bpos:259.6,Bstd:250.7,StrandBias:-0.1,Multiplicity:1.00
0.024	0.037	0.886	0.053
0.923	0.016	0.008	0.053
0.032	0.922	0.001	0.045
0.029	0.024	0.016	0.931
0.045	0.008	0.931	0.016
0.024	0.438	0.490	0.048
0.016	0.037	0.008	0.939
0.032	0.056	0.859	0.053
0.860	0.024	0.100	0.016
0.024	0.422	0.459	0.095
0.040	0.016	0.040	0.904
0.016	0.008	0.024	0.952
>ATTGCAGCCCTT	13-ATTGCAGCCCTT	11.610234	-117.982825	0	T:45.0(0.23%),B:2.1(0.01%),P:1e-51	Tpos:278.8,Tstd:172.7,Bpos:351.0,Bstd:165.8,StrandBias:0.2,Multiplicity:1.00
0.997	0.001	0.001	0.001
0.001	0.001	0.001	0.997
0.001	0.001	0.001	0.997
0.001	0.001	0.997	0.001
0.001	0.997	0.001	0.001
0.997	0.001	0.001	0.001
0.001	0.001	0.997	0.001
0.001	0.991	0.007	0.001
0.001	0.973	0.007	0.019
0.001	0.997	0.001	0.001
0.001	0.001	0.001	0.997
0.001	0.007	0.001	0.991
>TTTCCAGATCTG	14-TTTCCAGATCTG	14.830525	-109.891520	0	T:48.0(0.24%),B:3.4(0.01%),P:1e-47	Tpos:332.7,Tstd:217.3,Bpos:477.3,Bstd:49.1,StrandBias:0.0,Multiplicity:1.00
0.001	0.001	0.001	0.997
0.001	0.001	0.001	0.997
0.001	0.001	0.001	0.997
0.001	0.828	0.001	0.170
0.001	0.997	0.001	0.001
0.997	0.001	0.001	0.001
0.001	0.001	0.997	0.001
0.997	0.001	0.001	0.001
0.001	0.001	0.001	0.997
0.001	0.997	0.001	0.001
0.001	0.001	0.001	0.997
0.001	0.001	0.997	0.001
>ACACAGATACTC	15-ACACAGATACTC	14.653023	-107.454301	0	T:42.0(0.21%),B:2.8(0.01%),P:1e-46	Tpos:328.4,Tstd:151.2,Bpos:550.1,Bstd:31.7,StrandBias:-0.3,Multiplicity:1.00
0.997	0.001	0.001	0.001
0.323	0.675	0.001	0.001
0.997	0.001	0.001	0.001
0.001	0.997	0.001	0.001
0.997	0.001	0.001	0.001
0.001	0.001	0.997	0.001
0.997	0.001	0.001	0.001
0.349	0.001	0.001	0.649
0.997	0.001	0.001	0.001
0.323	0.675	0.001	0.001
0.001	0.001	0.001	0.997
0.001	0.997	0.001	0.001
>CTCCGAAAGTGT	16-CTCCGAAAGTGT	13.928298	-100.380413	0	T:45.0(0.23%),B:3.5(0.01%),P:1e-43	Tpos:249.9,Tstd:209.1,Bpos:383.8,Bstd:268.7,StrandBias:0.5,Multiplicity:1.00
0.244	0.754	0.001	0.001
0.001	0.001	0.001	0.997
0.001	0.997	0.001	0.001
0.265	0.733	0.001	0.001
0.001	0.001	0.826	0.172
0.913	0.085	0.001	0.001
0.997	0.001	0.001	0.001
0.997	0.001	0.001	0.001
0.001	0.244	0.754	0.001
0.001	0.001	0.001	0.997
0.001	0.001	0.997	0.001
0.001	0.330	0.001	0.668
>TGAGGTAGACAA	17-TGAGGTAGACAA	12.355432	-83.740579	0	T:35.0(0.18%),B:2.3(0.01%),P:1e-36	Tpos:216.1,Tstd:162.4,Bpos:331.1,Bstd:175.9,StrandBias:0.6,Multiplicity:1.00
0.100	0.100	0.100	0.700
0.100	0.100	0.700	0.100
0.700	0.100	0.100	0.100
0.100	0.100	0.700	0.100
0.100	0.100	0.700	0.100
0.100	0.100	0.100	0.700
0.700	0.100	0.100	0.100
0.100	0.100	0.700	0.100
0.700	0.100	0.100	0.100
0.100	0.700	0.100	0.100
0.700	0.100	0.100	0.100
0.700	0.100	0.100	0.100
>GAGGCGAGGCGA	18-GAGGCGAGGCGA	8.463612	-35.136032	0	T:3364.0(17.03%),B:4479.0(14.96%),P:1e-15	Tpos:526.7,Tstd:352.8,Bpos:363.3,Bstd:216.9,StrandBias:0.0,Multiplicity:1.20
0.100	0.100	0.700	0.100
0.700	0.100	0.100	0.100
0.100	0.100	0.700	0.100
0.100	0.100	0.700	0.100
0.100	0.700	0.100	0.100
0.100	0.100	0.700	0.100
0.700	0.100	0.100	0.100
0.100	0.100	0.700	0.100
0.100	0.100	0.700	0.100
0.100	0.700	0.100	0.100
0.100	0.100	0.700	0.100
0.700	0.100	0.100	0.100
>GTTYAGCACTMT	19-GTTYAGCACTMT	14.000181	-17.875587	0	T:12.0(0.06%),B:2.5(0.01%),P:1e-7	Tpos:404.2,Tstd:283.9,Bpos:386.1,Bstd:182.7,StrandBias:-3.5,Multiplicity:6.33
0.001	0.001	0.997	0.001
0.071	0.035	0.001	0.893
0.035	0.035	0.001	0.929
0.036	0.465	0.071	0.428
0.821	0.036	0.107	0.036
0.035	0.035	0.929	0.001
0.001	0.963	0.001	0.035
0.963	0.001	0.035	0.001
0.071	0.857	0.001	0.071
0.001	0.001	0.035	0.963
0.464	0.358	0.177	0.001
0.036	0.036	0.036	0.892
>ACAGAGGCGGAG	20-ACAGAGGCGGAG	9.259243	-15.604847	0	T:540.0(2.73%),B:653.0(2.18%),P:1e-6	Tpos:299.4,Tstd:249.3,Bpos:359.5,Bstd:179.0,StrandBias:-0.0,Multiplicity:7.92
0.865	0.001	0.133	0.001
0.001	0.930	0.068	0.001
0.997	0.001	0.001	0.001
0.001	0.001	0.997	0.001
0.997	0.001	0.001	0.001
0.001	0.001	0.997	0.001
0.001	0.001	0.997	0.001
0.001	0.997	0.001	0.001
0.201	0.001	0.797	0.001
0.001	0.001	0.997	0.001
0.997	0.001	0.001	0.001
0.001	0.001	0.997	0.001
>CAGGAGGCAGGA	21-CAGGAGGCAGGA	15.187788	-12.079007	0	T:56.0(0.28%),B:44.4(0.15%),P:1e-5	Tpos:306.8,Tstd:283.6,Bpos:339.8,Bstd:161.4,StrandBias:-0.2,Multiplicity:6.20
0.001	0.997	0.001	0.001
0.997	0.001	0.001	0.001
0.001	0.001	0.997	0.001
0.001	0.001	0.997	0.001
0.997	0.001	0.001	0.001
0.001	0.001	0.997	0.001
0.001	0.001	0.997	0.001
0.001	0.997	0.001	0.001
0.997	0.001	0.001	0.001
0.001	0.001	0.997	0.001
0.001	0.001	0.755	0.243
0.997	0.001	0.001	0.001
>TGCTGGTGTACT	22-TGCTGGTGTACT	14.649936	-9.590346	0	T:14.0(0.07%),B:6.9(0.02%),P:1e-4	Tpos:651.9,Tstd:420.7,Bpos:447.0,Bstd:154.2,StrandBias:-2.0,Multiplicity:10.57
0.001	0.001	0.001	0.997
0.001	0.001	0.997	0.001
0.001	0.997	0.001	0.001
0.001	0.001	0.001	0.997
0.001	0.001	0.997	0.001
0.323	0.001	0.675	0.001
0.001	0.001	0.001	0.997
0.001	0.001	0.675	0.323
0.001	0.001	0.001	0.997
0.647	0.001	0.351	0.001
0.001	0.997	0.001	0.001
0.001	0.001	0.001	0.997
>CACAGCACAGCA	23-CACAGCACAGCA	13.477535	-9.033541	0	T:60.0(0.30%),B:54.3(0.18%),P:1e-3	Tpos:399.4,Tstd:375.0,Bpos:333.8,Bstd:171.2,StrandBias:-1.0,Multiplicity:4.33
0.023	0.975	0.001	0.001
0.941	0.057	0.001	0.001
0.001	0.997	0.001	0.001
0.997	0.001	0.001	0.001
0.020	0.001	0.978	0.001
0.027	0.971	0.001	0.001
0.895	0.103	0.001	0.001
0.001	0.997	0.001	0.001
0.984	0.001	0.001	0.014
0.011	0.001	0.987	0.001
0.001	0.972	0.026	0.001
0.962	0.036	0.001	0.001
>CTGTGCCTGTGC	24-CTGTGCCTGTGC	16.432419	-6.672311	0	T:15.0(0.08%),B:9.8(0.03%),P:1e-2	Tpos:309.0,Tstd:246.9,Bpos:339.3,Bstd:135.7,StrandBias:2.0,Multiplicity:26.80
0.001	0.997	0.001	0.001
0.001	0.001	0.001	0.997
0.001	0.001	0.997	0.001
0.001	0.001	0.001	0.997
0.001	0.001	0.997	0.001
0.001	0.945	0.001	0.053
0.001	0.997	0.001	0.001
0.001	0.001	0.001	0.997
0.001	0.001	0.997	0.001
0.055	0.001	0.001	0.943
0.001	0.001	0.997	0.001
0.001	0.941	0.001	0.057
>GTCTGKGTCWGG	25-GTCTGKGTCWGG	10.668040	-5.747409	0	T:19.0(0.10%),B:14.5(0.05%),P:1e-2	Tpos:259.2,Tstd:168.1,Bpos:281.3,Bstd:137.8,StrandBias:-2.4,Multiplicity:6.89
0.200	0.152	0.625	0.023
0.137	0.186	0.023	0.654
0.080	0.834	0.014	0.072
0.324	0.132	0.053	0.491
0.078	0.079	0.695	0.148
0.084	0.135	0.403	0.377
0.193	0.023	0.673	0.111
0.122	0.146	0.213	0.519
0.096	0.713	0.073	0.118
0.362	0.023	0.106	0.509
0.053	0.084	0.795	0.068
0.044	0.090	0.542	0.324
>AHTTCCGG	1-AHTTCCGG	5.104222	-341.828381	0	T:6044.0(30.60%),B:6760.6(22.58%),P:1e-148	Tpos:483.8,Tstd:329.5,Bpos:352.2,Bstd:208.1,StrandBias:-0.0,Multiplicity:1.41
0.398	0.142	0.229	0.231
0.344	0.226	0.121	0.309
0.264	0.124	0.127	0.486
0.090	0.273	0.076	0.561
0.070	0.569	0.228	0.133
0.007	0.802	0.190	0.001
0.001	0.211	0.787	0.001
0.151	0.219	0.533	0.097
>GCCCCCTG	2-GCCCCCTG	7.344956	-287.793940	0	T:4888.0(24.74%),B:5375.7(17.95%),P:1e-124	Tpos:419.7,Tstd:347.7,Bpos:351.9,Bstd:207.8,StrandBias:-0.0,Multiplicity:1.14
0.001	0.001	0.997	0.001
0.001	0.997	0.001	0.001
0.001	0.997	0.001	0.001
0.001	0.997	0.001	0.001
0.001	0.750	0.001	0.248
0.001	0.997	0.001	0.001
0.001	0.001	0.001	0.997
0.097	0.001	0.901	0.001
>GCCACTAG	3-GCCACTAG	9.051916	-275.159313	0	T:1472.0(7.45%),B:1157.5(3.87%),P:1e-119	Tpos:347.8,Tstd:328.7,Bpos:348.0,Bstd:216.4,StrandBias:-0.1,Multiplicity:1.05
0.334	0.001	0.532	0.133
0.001	0.997	0.001	0.001
0.001	0.997	0.001	0.001
0.997	0.001	0.001	0.001
0.001	0.997	0.001	0.001
0.001	0.001	0.001	0.997
0.997	0.001	0.001	0.001
0.001	0.001	0.997	0.001
>TCCGCCTC	4-TCCGCCTC	8.453787	-223.901674	0	T:6158.0(31.17%),B:7357.7(24.57%),P:1e-97	Tpos:525.0,Tstd:330.2,Bpos:341.4,Bstd:201.3,StrandBias:-0.0,Multiplicity:1.56
0.001	0.284	0.001	0.714
0.001	0.779	0.187	0.033
0.001	0.775	0.001	0.223
0.001	0.001	0.997	0.001
0.001	0.997	0.001	0.001
0.001	0.965	0.033	0.001
0.001	0.367	0.001	0.631
0.060	0.690	0.187	0.063
>RRCGYTBT	5-RRCGYTBT	5.879267	-221.769908	0	T:8088.0(40.94%),B:10123.3(33.81%),P:1e-96	Tpos:487.4,Tstd:363.4,Bpos:362.4,Bstd:227.2,StrandBias:0.0,Multiplicity:1.42
0.431	0.013	0.413	0.143
0.414	0.050	0.489	0.046
0.016	0.982	0.001	0.001
0.001	0.028	0.970	0.001
0.013	0.481	0.053	0.453
0.152	0.256	0.083	0.509
0.001	0.392	0.270	0.337
0.230	0.001	0.104	0.665
>GGGCGTGT	6-GGGCGTGT	6.379124	-215.471151	0	T:7247.0(36.69%),B:8939.1(29.86%),P:1e-93	Tpos:511.7,Tstd:339.5,Bpos:344.2,Bstd:208.7,StrandBias:0.0,Multiplicity:1.59
0.001	0.001	0.997	0.001
0.001	0.001	0.997	0.001
0.001	0.001	0.997	0.001
0.001	0.997	0.001	0.001
0.001	0.001	0.997	0.001
0.001	0.001	0.417	0.581
0.001	0.001	0.582	0.416
0.390	0.001	0.027	0.582
>TAGGCGGG	7-TAGGCGGG	7.424220	-204.727286	0	T:5582.0(28.26%),B:6634.5(22.16%),P:1e-88	Tpos:499.7,Tstd:355.5,Bpos:349.9,Bstd:219.5,StrandBias:-0.0,Multiplicity:1.14
0.001	0.001	0.141	0.857
0.997	0.001	0.001	0.001
0.001	0.001	0.895	0.103
0.001	0.001	0.997	0.001
0.001	0.997	0.001	0.001
0.001	0.001	0.997	0.001
0.144	0.001	0.533	0.322
0.120	0.239	0.637	0.004
>CGCGGTVT	8-CGCGGTVT	6.292882	-203.473620	0	T:5796.0(29.34%),B:6938.6(23.17%),P:1e-88	Tpos:506.1,Tstd:356.7,Bpos:369.7,Bstd:220.1,StrandBias:0.0,Multiplicity:1.32
0.094	0.538	0.204	0.164
0.001	0.105	0.893	0.001
0.190	0.808	0.001	0.001
0.206	0.001	0.709	0.084
0.070	0.041	0.888	0.001
0.141	0.002	0.001	0.856
0.205	0.306	0.323	0.167
0.322	0.002	0.001	0.675
>ACGGATVW	9-ACGGATVW	5.939012	-201.498045	0	T:7295.0(36.93%),B:9074.2(30.31%),P:1e-87	Tpos:478.5,Tstd:369.2,Bpos:359.8,Bstd:224.9,StrandBias:0.0,Multiplicity:1.22
0.598	0.400	0.001	0.001
0.001	0.997	0.001	0.001
0.001	0.001	0.997	0.001
0.001	0.276	0.722	0.001
0.997	0.001	0.001	0.001
0.347	0.001	0.001	0.651
0.409	0.259	0.331	0.001
0.479	0.076	0.001	0.444
>TGCGMMHW	10-TGCGMMHW	6.460368	-192.016890	0	T:9057.0(45.85%),B:11693.7(39.06%),P:1e-83	Tpos:490.6,Tstd:352.3,Bpos:354.7,Bstd:220.9,StrandBias:-0.0,Multiplicity:1.62
0.001	0.001	0.001	0.997
0.001	0.384	0.614	0.001
0.001	0.997	0.001	0.001
0.001	0.001	0.997	0.001
0.510	0.488	0.001	0.001
0.413	0.330	0.001	0.256
0.405	0.333	0.001	0.261
0.478	0.001	0.001	0.520
>TCGCGTTA	11-TCGCGTTA	5.078330	-183.353556	0	T:6247.0(31.62%),B:7665.8(25.60%),P:1e-79	Tpos:507.0,Tstd:360.2,Bpos:361.4,Bstd:227.7,StrandBias:0.0,Multiplicity:1.37
0.067	0.109	0.077	0.747
0.066	0.761	0.104	0.069
0.038	0.049	0.884	0.029
0.044	0.844	0.085	0.027
0.071	0.102	0.728	0.099
0.092	0.129	0.090	0.689
0.070	0.106	0.114	0.710
0.639	0.085	0.115	0.161
>CCAATCCG	12-CCAATCCG	6.788363	-175.216957	0	T:3886.0(19.67%),B:4431.8(14.80%),P:1e-76	Tpos:490.8,Tstd:353.9,Bpos:349.4,Bstd:216.9,StrandBias:-0.0,Multiplicity:1.20
0.069	0.758	0.122	0.051
0.096	0.680	0.114	0.110
0.778	0.035	0.080	0.107
0.723	0.091	0.119	0.067
0.109	0.099	0.114	0.678
0.045	0.780	0.098	0.077
0.117	0.786	0.096	0.001
0.028	0.100	0.817	0.055
>KYHASCGG	13-KYHASCGG	5.677615	-148.938865	0	T:5922.0(29.98%),B:7376.8(24.64%),P:1e-64	Tpos:504.2,Tstd:362.0,Bpos:367.5,Bstd:228.9,StrandBias:-0.1,Multiplicity:1.30
0.027	0.246	0.310	0.417
0.230	0.386	0.033	0.351
0.360	0.258	0.001	0.381
0.508	0.154	0.079	0.259
0.001	0.424	0.403	0.172
0.001	0.997	0.001	0.001
0.001	0.347	0.651	0.001
0.001	0.001	0.972	0.026
>CGCCACTT	14-CGCCACTT	6.726516	-125.953899	0	T:1994.0(10.09%),B:2117.8(7.07%),P:1e-54	Tpos:477.4,Tstd:350.6,Bpos:369.5,Bstd:224.4,StrandBias:-0.1,Multiplicity:1.08
0.001	0.997	0.001	0.001
0.001	0.001	0.997	0.001
0.001	0.997	0.001	0.001
0.001	0.997	0.001	0.001
0.997	0.001	0.001	0.001
0.001	0.997	0.001	0.001
0.001	0.112	0.013	0.874
0.001	0.001	0.001	0.997
>TCCCGGCG	15-TCCCGGCG	7.725811	-120.757457	0	T:6233.0(31.55%),B:7979.8(26.65%),P:1e-52	Tpos:531.9,Tstd:349.9,Bpos:376.0,Bstd:223.0,StrandBias:-0.0,Multiplicity:1.44
0.036	0.001	0.001	0.962
0.001	0.997	0.001	0.001
0.022	0.961	0.001	0.016
0.056	0.837	0.022	0.085
0.164	0.060	0.699	0.077
0.031	0.001	0.955	0.013
0.001	0.917	0.059	0.023
0.102	0.103	0.721	0.074
>GCGGTGCT	16-GCGGTGCT	8.524884	-119.517107	0	T:4748.0(24.04%),B:5874.4(19.62%),P:1e-51	Tpos:493.1,Tstd:351.9,Bpos:359.3,Bstd:208.9,StrandBias:0.1,Multiplicity:1.39
0.001	0.027	0.971	0.001
0.001	0.997	0.001	0.001
0.001	0.001	0.639	0.359
0.016	0.054	0.896	0.034
0.041	0.035	0.171	0.753
0.008	0.048	0.924	0.020
0.019	0.946	0.001	0.034
0.022	0.049	0.001	0.928
>TCGCTTWR	17-TCGCTTWR	5.948515	-113.564683	0	T:5888.0(29.81%),B:7527.5(25.14%),P:1e-49	Tpos:503.0,Tstd:371.6,Bpos:362.2,Bstd:226.8,StrandBias:0.1,Multiplicity:1.25
0.040	0.211	0.065	0.684
0.001	0.997	0.001	0.001
0.001	0.001	0.997	0.001
0.001	0.740	0.258	0.001
0.037	0.298	0.129	0.536
0.215	0.001	0.001	0.783
0.388	0.087	0.213	0.313
0.330	0.184	0.356	0.130
>TSACGTCA	18-TSACGTCA	5.442570	-111.069066	0	T:6461.0(32.71%),B:8368.8(27.95%),P:1e-48	Tpos:495.0,Tstd:354.6,Bpos:349.2,Bstd:212.4,StrandBias:0.0,Multiplicity:1.33
0.115	0.001	0.001	0.883
0.132	0.366	0.327	0.175
0.712	0.001	0.192	0.095
0.001	0.997	0.001	0.001
0.001	0.001	0.997	0.001
0.114	0.085	0.158	0.643
0.145	0.695	0.110	0.050
0.753	0.153	0.001	0.093
>TCGCGGGA	19-TCGCGGGA	6.618848	-109.814173	0	T:5185.0(26.25%),B:6546.9(21.87%),P:1e-47	Tpos:534.0,Tstd:345.1,Bpos:375.1,Bstd:226.1,StrandBias:0.0,Multiplicity:1.35
0.074	0.168	0.124	0.634
0.064	0.776	0.064	0.096
0.059	0.083	0.777	0.081
0.056	0.827	0.054	0.063
0.120	0.090	0.705	0.085
0.080	0.027	0.770	0.123
0.143	0.093	0.743	0.021
0.768	0.065	0.041	0.126
>CCCGGGAT	20-CCCGGGAT	6.792066	-96.806716	0	T:6128.0(31.02%),B:7980.0(26.65%),P:1e-42	Tpos:523.6,Tstd:365.0,Bpos:380.2,Bstd:224.8,StrandBias:-0.0,Multiplicity:1.41
0.058	0.748	0.111	0.083
0.051	0.728	0.096	0.125
0.018	0.808	0.145	0.029
0.013	0.108	0.878	0.001
0.065	0.061	0.783	0.091
0.102	0.064	0.724	0.110
0.611	0.136	0.130	0.123
0.140	0.064	0.075	0.721
>CCGACCGA	21-CCGACCGA	5.885398	-91.704213	0	T:5255.0(26.60%),B:6758.9(22.57%),P:1e-39	Tpos:535.4,Tstd:349.6,Bpos:378.1,Bstd:223.8,StrandBias:0.0,Multiplicity:1.38
0.158	0.644	0.071	0.127
0.089	0.734	0.128	0.049
0.097	0.044	0.804	0.055
0.776	0.088	0.078	0.058
0.090	0.736	0.102	0.072
0.070	0.737	0.082	0.111
0.042	0.116	0.756	0.086
0.817	0.025	0.079	0.079
>TAACCCTA	22-TAACCCTA	8.236954	-65.398380	0	T:324.0(1.64%),B:247.2(0.83%),P:1e-28	Tpos:241.1,Tstd:156.7,Bpos:334.9,Bstd:214.3,StrandBias:-0.2,Multiplicity:6.34
0.100	0.100	0.100	0.700
0.700	0.100	0.100	0.100
0.700	0.100	0.100	0.100
0.100	0.700	0.100	0.100
0.100	0.700	0.100	0.100
0.100	0.700	0.100	0.100
0.100	0.100	0.100	0.700
0.700	0.100	0.100	0.100
>GGGTGGAG	23-GGGTGGAG	8.236954	-52.509702	0	T:2322.0(11.75%),B:2876.0(9.61%),P:1e-22	Tpos:481.9,Tstd:379.9,Bpos:353.8,Bstd:213.5,StrandBias:-0.0,Multiplicity:1.11
0.100	0.100	0.700	0.100
0.100	0.100	0.700	0.100
0.100	0.100	0.700	0.100
0.100	0.100	0.100	0.700
0.100	0.100	0.700	0.100
0.100	0.100	0.700	0.100
0.700	0.100	0.100	0.100
0.100	0.100	0.700	0.100
>GTGCCTGT	24-GTGCCTGT	8.236954	-0.004405	0	T:634.0(3.21%),B:1062.9(3.55%),P:1e0	Tpos:379.9,Tstd:330.0,Bpos:356.5,Bstd:200.1,StrandBias:1.0,Multiplicity:1.90
0.100	0.100	0.700	0.100
0.100	0.100	0.100	0.700
0.100	0.100	0.700	0.100
0.100	0.700	0.100	0.100
0.100	0.700	0.100	0.100
0.100	0.100	0.100	0.700
0.100	0.100	0.700	0.100
0.100	0.100	0.100	0.700
>CTCTGCCT	25-CTCTGCCT	10.946024	0.000000	0	T:2085.0(10.55%),B:4084.2(13.64%),P:1e0	Tpos:342.6,Tstd:306.4,Bpos:356.4,Bstd:199.6,StrandBias:-0.0,Multiplicity:3.00
0.001	0.997	0.001	0.001
0.001	0.001	0.001	0.997
0.001	0.884	0.114	0.001
0.001	0.001	0.001	0.997
0.001	0.001	0.997	0.001
0.001	0.997	0.001	0.001
0.001	0.997	0.001	0.001
0.001	0.001	0.001	0.997
