>AHTTCCGG	1-AHTTCCGG	5.104222	-341.828381	0	T:6044.0(30.60%),B:6760.6(22.58%),P:1e-148	Tpos:483.8,Tstd:329.5,Bpos:352.2,Bstd:208.1,StrandBias:-0.0,Multiplicity:1.41
0.398	0.142	0.229	0.231
0.344	0.226	0.121	0.309
0.264	0.124	0.127	0.486
0.090	0.273	0.076	0.561
0.070	0.569	0.228	0.133
0.007	0.802	0.190	0.001
0.001	0.211	0.787	0.001
0.151	0.219	0.533	0.097
>GCCCCCTG	2-GCCCCCTG	7.344956	-287.793940	0	T:4888.0(24.74%),B:5375.7(17.95%),P:1e-124	Tpos:419.7,Tstd:347.7,Bpos:351.9,Bstd:207.8,StrandBias:-0.0,Multiplicity:1.14
0.001	0.001	0.997	0.001
0.001	0.997	0.001	0.001
0.001	0.997	0.001	0.001
0.001	0.997	0.001	0.001
0.001	0.750	0.001	0.248
0.001	0.997	0.001	0.001
0.001	0.001	0.001	0.997
0.097	0.001	0.901	0.001
>GCCACTAG	3-GCCACTAG	9.051916	-275.159313	0	T:1472.0(7.45%),B:1157.5(3.87%),P:1e-119	Tpos:347.8,Tstd:328.7,Bpos:348.0,Bstd:216.4,StrandBias:-0.1,Multiplicity:1.05
0.334	0.001	0.532	0.133
0.001	0.997	0.001	0.001
0.001	0.997	0.001	0.001
0.997	0.001	0.001	0.001
0.001	0.997	0.001	0.001
0.001	0.001	0.001	0.997
0.997	0.001	0.001	0.001
0.001	0.001	0.997	0.001
>TCCGCCTC	4-TCCGCCTC	8.453787	-223.901674	0	T:6158.0(31.17%),B:7357.7(24.57%),P:1e-97	Tpos:525.0,Tstd:330.2,Bpos:341.4,Bstd:201.3,StrandBias:-0.0,Multiplicity:1.56
0.001	0.284	0.001	0.714
0.001	0.779	0.187	0.033
0.001	0.775	0.001	0.223
0.001	0.001	0.997	0.001
0.001	0.997	0.001	0.001
0.001	0.965	0.033	0.001
0.001	0.367	0.001	0.631
0.060	0.690	0.187	0.063
>RRCGYTBT	5-RRCGYTBT	5.879267	-221.769908	0	T:8088.0(40.94%),B:10123.3(33.81%),P:1e-96	Tpos:487.4,Tstd:363.4,Bpos:362.4,Bstd:227.2,StrandBias:0.0,Multiplicity:1.42
0.431	0.013	0.413	0.143
0.414	0.050	0.489	0.046
0.016	0.982	0.001	0.001
0.001	0.028	0.970	0.001
0.013	0.481	0.053	0.453
0.152	0.256	0.083	0.509
0.001	0.392	0.270	0.337
0.230	0.001	0.104	0.665
>GGGCGTGT	6-GGGCGTGT	6.379124	-215.471151	0	T:7247.0(36.69%),B:8939.1(29.86%),P:1e-93	Tpos:511.7,Tstd:339.5,Bpos:344.2,Bstd:208.7,StrandBias:0.0,Multiplicity:1.59
0.001	0.001	0.997	0.001
0.001	0.001	0.997	0.001
0.001	0.001	0.997	0.001
0.001	0.997	0.001	0.001
0.001	0.001	0.997	0.001
0.001	0.001	0.417	0.581
0.001	0.001	0.582	0.416
0.390	0.001	0.027	0.582
>TAGGCGGG	7-TAGGCGGG	7.424220	-204.727286	0	T:5582.0(28.26%),B:6634.5(22.16%),P:1e-88	Tpos:499.7,Tstd:355.5,Bpos:349.9,Bstd:219.5,StrandBias:-0.0,Multiplicity:1.14
0.001	0.001	0.141	0.857
0.997	0.001	0.001	0.001
0.001	0.001	0.895	0.103
0.001	0.001	0.997	0.001
0.001	0.997	0.001	0.001
0.001	0.001	0.997	0.001
0.144	0.001	0.533	0.322
0.120	0.239	0.637	0.004
>CGCGGTVT	8-CGCGGTVT	6.292882	-203.473620	0	T:5796.0(29.34%),B:6938.6(23.17%),P:1e-88	Tpos:506.1,Tstd:356.7,Bpos:369.7,Bstd:220.1,StrandBias:0.0,Multiplicity:1.32
0.094	0.538	0.204	0.164
0.001	0.105	0.893	0.001
0.190	0.808	0.001	0.001
0.206	0.001	0.709	0.084
0.070	0.041	0.888	0.001
0.141	0.002	0.001	0.856
0.205	0.306	0.323	0.167
0.322	0.002	0.001	0.675
>ACGGATVW	9-ACGGATVW	5.939012	-201.498045	0	T:7295.0(36.93%),B:9074.2(30.31%),P:1e-87	Tpos:478.5,Tstd:369.2,Bpos:359.8,Bstd:224.9,StrandBias:0.0,Multiplicity:1.22
0.598	0.400	0.001	0.001
0.001	0.997	0.001	0.001
0.001	0.001	0.997	0.001
0.001	0.276	0.722	0.001
0.997	0.001	0.001	0.001
0.347	0.001	0.001	0.651
0.409	0.259	0.331	0.001
0.479	0.076	0.001	0.444
>TGCGMMHW	10-TGCGMMHW	6.460368	-192.016890	0	T:9057.0(45.85%),B:11693.7(39.06%),P:1e-83	Tpos:490.6,Tstd:352.3,Bpos:354.7,Bstd:220.9,StrandBias:-0.0,Multiplicity:1.62
0.001	0.001	0.001	0.997
0.001	0.384	0.614	0.001
0.001	0.997	0.001	0.001
0.001	0.001	0.997	0.001
0.510	0.488	0.001	0.001
0.413	0.330	0.001	0.256
0.405	0.333	0.001	0.261
0.478	0.001	0.001	0.520
>TCGCGTTA	11-TCGCGTTA	5.078330	-183.353556	0	T:6247.0(31.62%),B:7665.8(25.60%),P:1e-79	Tpos:507.0,Tstd:360.2,Bpos:361.4,Bstd:227.7,StrandBias:0.0,Multiplicity:1.37
0.067	0.109	0.077	0.747
0.066	0.761	0.104	0.069
0.038	0.049	0.884	0.029
0.044	0.844	0.085	0.027
0.071	0.102	0.728	0.099
0.092	0.129	0.090	0.689
0.070	0.106	0.114	0.710
0.639	0.085	0.115	0.161
>CCAATCCG	12-CCAATCCG	6.788363	-175.216957	0	T:3886.0(19.67%),B:4431.8(14.80%),P:1e-76	Tpos:490.8,Tstd:353.9,Bpos:349.4,Bstd:216.9,StrandBias:-0.0,Multiplicity:1.20
0.069	0.758	0.122	0.051
0.096	0.680	0.114	0.110
0.778	0.035	0.080	0.107
0.723	0.091	0.119	0.067
0.109	0.099	0.114	0.678
0.045	0.780	0.098	0.077
0.117	0.786	0.096	0.001
0.028	0.100	0.817	0.055
>KYHASCGG	13-KYHASCGG	5.677615	-148.938865	0	T:5922.0(29.98%),B:7376.8(24.64%),P:1e-64	Tpos:504.2,Tstd:362.0,Bpos:367.5,Bstd:228.9,StrandBias:-0.1,Multiplicity:1.30
0.027	0.246	0.310	0.417
0.230	0.386	0.033	0.351
0.360	0.258	0.001	0.381
0.508	0.154	0.079	0.259
0.001	0.424	0.403	0.172
0.001	0.997	0.001	0.001
0.001	0.347	0.651	0.001
0.001	0.001	0.972	0.026
>CGCCACTT	14-CGCCACTT	6.726516	-125.953899	0	T:1994.0(10.09%),B:2117.8(7.07%),P:1e-54	Tpos:477.4,Tstd:350.6,Bpos:369.5,Bstd:224.4,StrandBias:-0.1,Multiplicity:1.08
0.001	0.997	0.001	0.001
0.001	0.001	0.997	0.001
0.001	0.997	0.001	0.001
0.001	0.997	0.001	0.001
0.997	0.001	0.001	0.001
0.001	0.997	0.001	0.001
0.001	0.112	0.013	0.874
0.001	0.001	0.001	0.997
>TCCCGGCG	15-TCCCGGCG	7.725811	-120.757457	0	T:6233.0(31.55%),B:7979.8(26.65%),P:1e-52	Tpos:531.9,Tstd:349.9,Bpos:376.0,Bstd:223.0,StrandBias:-0.0,Multiplicity:1.44
0.036	0.001	0.001	0.962
0.001	0.997	0.001	0.001
0.022	0.961	0.001	0.016
0.056	0.837	0.022	0.085
0.164	0.060	0.699	0.077
0.031	0.001	0.955	0.013
0.001	0.917	0.059	0.023
0.102	0.103	0.721	0.074
>GCGGTGCT	16-GCGGTGCT	8.524884	-119.517107	0	T:4748.0(24.04%),B:5874.4(19.62%),P:1e-51	Tpos:493.1,Tstd:351.9,Bpos:359.3,Bstd:208.9,StrandBias:0.1,Multiplicity:1.39
0.001	0.027	0.971	0.001
0.001	0.997	0.001	0.001
0.001	0.001	0.639	0.359
0.016	0.054	0.896	0.034
0.041	0.035	0.171	0.753
0.008	0.048	0.924	0.020
0.019	0.946	0.001	0.034
0.022	0.049	0.001	0.928
>TCGCTTWR	17-TCGCTTWR	5.948515	-113.564683	0	T:5888.0(29.81%),B:7527.5(25.14%),P:1e-49	Tpos:503.0,Tstd:371.6,Bpos:362.2,Bstd:226.8,StrandBias:0.1,Multiplicity:1.25
0.040	0.211	0.065	0.684
0.001	0.997	0.001	0.001
0.001	0.001	0.997	0.001
0.001	0.740	0.258	0.001
0.037	0.298	0.129	0.536
0.215	0.001	0.001	0.783
0.388	0.087	0.213	0.313
0.330	0.184	0.356	0.130
>TSACGTCA	18-TSACGTCA	5.442570	-111.069066	0	T:6461.0(32.71%),B:8368.8(27.95%),P:1e-48	Tpos:495.0,Tstd:354.6,Bpos:349.2,Bstd:212.4,StrandBias:0.0,Multiplicity:1.33
0.115	0.001	0.001	0.883
0.132	0.366	0.327	0.175
0.712	0.001	0.192	0.095
0.001	0.997	0.001	0.001
0.001	0.001	0.997	0.001
0.114	0.085	0.158	0.643
0.145	0.695	0.110	0.050
0.753	0.153	0.001	0.093
>TCGCGGGA	19-TCGCGGGA	6.618848	-109.814173	0	T:5185.0(26.25%),B:6546.9(21.87%),P:1e-47	Tpos:534.0,Tstd:345.1,Bpos:375.1,Bstd:226.1,StrandBias:0.0,Multiplicity:1.35
0.074	0.168	0.124	0.634
0.064	0.776	0.064	0.096
0.059	0.083	0.777	0.081
0.056	0.827	0.054	0.063
0.120	0.090	0.705	0.085
0.080	0.027	0.770	0.123
0.143	0.093	0.743	0.021
0.768	0.065	0.041	0.126
>CCCGGGAT	20-CCCGGGAT	6.792066	-96.806716	0	T:6128.0(31.02%),B:7980.0(26.65%),P:1e-42	Tpos:523.6,Tstd:365.0,Bpos:380.2,Bstd:224.8,StrandBias:-0.0,Multiplicity:1.41
0.058	0.748	0.111	0.083
0.051	0.728	0.096	0.125
0.018	0.808	0.145	0.029
0.013	0.108	0.878	0.001
0.065	0.061	0.783	0.091
0.102	0.064	0.724	0.110
0.611	0.136	0.130	0.123
0.140	0.064	0.075	0.721
>CCGACCGA	21-CCGACCGA	5.885398	-91.704213	0	T:5255.0(26.60%),B:6758.9(22.57%),P:1e-39	Tpos:535.4,Tstd:349.6,Bpos:378.1,Bstd:223.8,StrandBias:0.0,Multiplicity:1.38
0.158	0.644	0.071	0.127
0.089	0.734	0.128	0.049
0.097	0.044	0.804	0.055
0.776	0.088	0.078	0.058
0.090	0.736	0.102	0.072
0.070	0.737	0.082	0.111
0.042	0.116	0.756	0.086
0.817	0.025	0.079	0.079
>TAACCCTA	22-TAACCCTA	8.236954	-65.398380	0	T:324.0(1.64%),B:247.2(0.83%),P:1e-28	Tpos:241.1,Tstd:156.7,Bpos:334.9,Bstd:214.3,StrandBias:-0.2,Multiplicity:6.34
0.100	0.100	0.100	0.700
0.700	0.100	0.100	0.100
0.700	0.100	0.100	0.100
0.100	0.700	0.100	0.100
0.100	0.700	0.100	0.100
0.100	0.700	0.100	0.100
0.100	0.100	0.100	0.700
0.700	0.100	0.100	0.100
>GGGTGGAG	23-GGGTGGAG	8.236954	-52.509702	0	T:2322.0(11.75%),B:2876.0(9.61%),P:1e-22	Tpos:481.9,Tstd:379.9,Bpos:353.8,Bstd:213.5,StrandBias:-0.0,Multiplicity:1.11
0.100	0.100	0.700	0.100
0.100	0.100	0.700	0.100
0.100	0.100	0.700	0.100
0.100	0.100	0.100	0.700
0.100	0.100	0.700	0.100
0.100	0.100	0.700	0.100
0.700	0.100	0.100	0.100
0.100	0.100	0.700	0.100
>GTGCCTGT	24-GTGCCTGT	8.236954	-0.004405	0	T:634.0(3.21%),B:1062.9(3.55%),P:1e0	Tpos:379.9,Tstd:330.0,Bpos:356.5,Bstd:200.1,StrandBias:1.0,Multiplicity:1.90
0.100	0.100	0.700	0.100
0.100	0.100	0.100	0.700
0.100	0.100	0.700	0.100
0.100	0.700	0.100	0.100
0.100	0.700	0.100	0.100
0.100	0.100	0.100	0.700
0.100	0.100	0.700	0.100
0.100	0.100	0.100	0.700
>CTCTGCCT	25-CTCTGCCT	10.946024	0.000000	0	T:2085.0(10.55%),B:4084.2(13.64%),P:1e0	Tpos:342.6,Tstd:306.4,Bpos:356.4,Bstd:199.6,StrandBias:-0.0,Multiplicity:3.00
0.001	0.997	0.001	0.001
0.001	0.001	0.001	0.997
0.001	0.884	0.114	0.001
0.001	0.001	0.001	0.997
0.001	0.001	0.997	0.001
0.001	0.997	0.001	0.001
0.001	0.997	0.001	0.001
0.001	0.001	0.001	0.997
