>CCMYCTAGTG	1-CCMYCTAGTG	8.571578	-1461.519209	0	T:3540.0(17.92%),B:1963.9(6.56%),P:1e-634	Tpos:300.7,Tstd:283.5,Bpos:349.3,Bstd:204.8,StrandBias:0.1,Multiplicity:1.06
0.013	0.958	0.006	0.023
0.001	0.980	0.018	0.001
0.505	0.444	0.032	0.019
0.013	0.481	0.014	0.492
0.002	0.992	0.003	0.003
0.001	0.017	0.013	0.969
0.549	0.007	0.329	0.115
0.014	0.205	0.759	0.022
0.029	0.068	0.027	0.876
0.003	0.001	0.993	0.003
>RRWTMCGCCT	2-RRWTMCGCCT	6.249513	-493.804032	0	T:9035.0(45.74%),B:10456.0(34.92%),P:1e-214	Tpos:499.8,Tstd:319.8,Bpos:323.6,Bstd:190.5,StrandBias:-0.0,Multiplicity:2.00
0.343	0.016	0.403	0.237
0.472	0.027	0.439	0.061
0.342	0.216	0.040	0.402
0.054	0.307	0.058	0.581
0.400	0.518	0.037	0.045
0.022	0.900	0.056	0.022
0.041	0.002	0.922	0.035
0.062	0.770	0.102	0.066
0.078	0.782	0.080	0.060
0.019	0.399	0.017	0.565
>GGGCGGARCY	3-GGGCGGARCY	7.983618	-309.850705	0	T:9424.0(47.71%),B:11686.1(39.03%),P:1e-134	Tpos:521.8,Tstd:332.8,Bpos:347.9,Bstd:201.1,StrandBias:-0.0,Multiplicity:1.74
0.060	0.013	0.867	0.060
0.013	0.086	0.871	0.030
0.042	0.001	0.886	0.071
0.116	0.752	0.001	0.131
0.001	0.016	0.963	0.020
0.029	0.001	0.964	0.006
0.534	0.019	0.366	0.081
0.346	0.214	0.430	0.010
0.186	0.605	0.176	0.033
0.084	0.349	0.155	0.411
>CTAACCCTAA	4-CTAACCCTAA	10.296193	-264.862734	0	T:188.0(0.95%),B:29.2(0.10%),P:1e-115	Tpos:229.9,Tstd:121.8,Bpos:331.4,Bstd:202.0,StrandBias:-0.3,Multiplicity:9.69
0.100	0.700	0.100	0.100
0.100	0.100	0.100	0.700
0.700	0.100	0.100	0.100
0.700	0.100	0.100	0.100
0.100	0.700	0.100	0.100
0.100	0.700	0.100	0.100
0.100	0.700	0.100	0.100
0.100	0.100	0.100	0.700
0.700	0.100	0.100	0.100
0.700	0.100	0.100	0.100
>NNCCGGAANN	5-NNCCGGAANN	5.373677	-262.106223	0	T:7488.0(37.91%),B:9078.9(30.32%),P:1e-113	Tpos:495.9,Tstd:343.7,Bpos:361.1,Bstd:215.5,StrandBias:0.1,Multiplicity:1.55
0.262	0.234	0.201	0.303
0.238	0.262	0.205	0.295
0.001	0.509	0.326	0.164
0.001	0.813	0.185	0.001
0.001	0.179	0.819	0.001
0.243	0.001	0.755	0.001
0.578	0.001	0.420	0.001
0.465	0.090	0.209	0.236
0.279	0.225	0.233	0.263
0.209	0.250	0.201	0.340
>GAWWTGTAGT	6-GAWWTGTAGT	9.453810	-173.905259	0	T:629.0(3.18%),B:416.9(1.39%),P:1e-75	Tpos:439.5,Tstd:296.2,Bpos:275.1,Bstd:192.4,StrandBias:0.0,Multiplicity:1.12
0.001	0.008	0.990	0.001
0.766	0.001	0.023	0.210
0.296	0.190	0.126	0.388
0.347	0.113	0.082	0.457
0.055	0.091	0.079	0.775
0.010	0.199	0.790	0.001
0.233	0.129	0.027	0.611
0.827	0.026	0.047	0.100
0.001	0.080	0.918	0.001
0.001	0.017	0.001	0.981
>AAAACCGCGC	7-AAAACCGCGC	6.332353	-162.810743	0	T:5486.0(27.77%),B:6690.2(22.34%),P:1e-70	Tpos:505.8,Tstd:357.6,Bpos:360.9,Bstd:225.3,StrandBias:-0.0,Multiplicity:1.30
0.691	0.105	0.113	0.091
0.705	0.099	0.121	0.075
0.678	0.109	0.121	0.092
0.681	0.115	0.103	0.101
0.107	0.694	0.099	0.100
0.111	0.718	0.089	0.082
0.080	0.092	0.737	0.091
0.090	0.748	0.092	0.070
0.110	0.106	0.674	0.110
0.092	0.674	0.116	0.118
>TGATTGGTTA	8-TGATTGGTTA	8.429634	-157.062224	0	T:1226.0(6.21%),B:1091.5(3.65%),P:1e-68	Tpos:432.0,Tstd:289.4,Bpos:304.2,Bstd:178.7,StrandBias:-0.0,Multiplicity:1.16
0.029	0.130	0.261	0.580
0.059	0.023	0.898	0.020
0.901	0.041	0.032	0.026
0.027	0.001	0.032	0.940
0.217	0.109	0.015	0.659
0.014	0.048	0.922	0.016
0.028	0.007	0.953	0.012
0.076	0.214	0.030	0.680
0.031	0.174	0.049	0.746
0.723	0.067	0.161	0.049
>TGCGAATGCG	9-TGCGAATGCG	6.936883	-156.346549	0	T:3988.0(20.19%),B:4646.6(15.52%),P:1e-67	Tpos:488.1,Tstd:324.2,Bpos:337.9,Bstd:202.3,StrandBias:0.0,Multiplicity:1.31
0.084	0.078	0.063	0.775
0.066	0.042	0.875	0.017
0.058	0.841	0.063	0.038
0.114	0.037	0.808	0.041
0.672	0.230	0.032	0.066
0.716	0.149	0.054	0.081
0.093	0.048	0.064	0.795
0.018	0.043	0.879	0.060
0.110	0.812	0.043	0.035
0.062	0.045	0.830	0.063
>CGCGTTGCAA	10-CGCGTTGCAA	6.113530	-140.197884	0	T:5206.0(26.35%),B:6409.6(21.41%),P:1e-60	Tpos:503.6,Tstd:366.2,Bpos:364.1,Bstd:227.6,StrandBias:-0.0,Multiplicity:1.28
0.099	0.690	0.111	0.100
0.073	0.091	0.737	0.099
0.086	0.694	0.127	0.093
0.096	0.091	0.697	0.116
0.088	0.117	0.124	0.671
0.096	0.084	0.092	0.728
0.081	0.111	0.693	0.115
0.110	0.692	0.104	0.094
0.679	0.089	0.112	0.120
0.719	0.084	0.100	0.097
>TTTCCCGGCG	11-TTTCCCGGCG	5.853325	-118.244212	0	T:5583.0(28.26%),B:7063.6(23.59%),P:1e-51	Tpos:555.9,Tstd:364.5,Bpos:372.3,Bstd:227.5,StrandBias:-0.0,Multiplicity:1.45
0.140	0.152	0.138	0.570
0.129	0.155	0.125	0.591
0.131	0.157	0.142	0.570
0.117	0.599	0.141	0.143
0.128	0.581	0.163	0.128
0.117	0.621	0.146	0.116
0.122	0.156	0.606	0.116
0.108	0.161	0.613	0.118
0.122	0.630	0.133	0.115
0.110	0.134	0.617	0.139
>TTACCGGTCT	12-TTACCGGTCT	10.296193	-81.966115	0	T:39.0(0.20%),B:3.0(0.01%),P:1e-35	Tpos:330.6,Tstd:240.4,Bpos:251.8,Bstd:137.5,StrandBias:-0.1,Multiplicity:1.00
0.100	0.100	0.100	0.700
0.100	0.100	0.100	0.700
0.700	0.100	0.100	0.100
0.100	0.700	0.100	0.100
0.100	0.700	0.100	0.100
0.100	0.100	0.700	0.100
0.100	0.100	0.700	0.100
0.100	0.100	0.100	0.700
0.100	0.700	0.100	0.100
0.100	0.100	0.100	0.700
>CGACTTTGAT	13-CGACTTTGAT	10.296193	-68.690955	0	T:38.0(0.19%),B:4.7(0.02%),P:1e-29	Tpos:514.4,Tstd:652.0,Bpos:172.0,Bstd:89.9,StrandBias:0.3,Multiplicity:1.00
0.100	0.700	0.100	0.100
0.100	0.100	0.700	0.100
0.700	0.100	0.100	0.100
0.100	0.700	0.100	0.100
0.100	0.100	0.100	0.700
0.100	0.100	0.100	0.700
0.100	0.100	0.100	0.700
0.100	0.100	0.700	0.100
0.700	0.100	0.100	0.100
0.100	0.100	0.100	0.700
>AGTTGAATAG	14-AGTTGAATAG	10.296193	-68.683319	0	T:44.0(0.22%),B:6.4(0.02%),P:1e-29	Tpos:281.8,Tstd:265.6,Bpos:472.5,Bstd:223.1,StrandBias:-0.1,Multiplicity:1.00
0.700	0.100	0.100	0.100
0.100	0.100	0.700	0.100
0.100	0.100	0.100	0.700
0.100	0.100	0.100	0.700
0.100	0.100	0.700	0.100
0.700	0.100	0.100	0.100
0.700	0.100	0.100	0.100
0.100	0.100	0.100	0.700
0.700	0.100	0.100	0.100
0.100	0.100	0.700	0.100
>TTGGGCAAAA	15-TTGGGCAAAA	10.296193	-64.787457	0	T:64.0(0.32%),B:16.7(0.06%),P:1e-28	Tpos:334.3,Tstd:278.0,Bpos:311.1,Bstd:222.2,StrandBias:0.2,Multiplicity:1.00
0.100	0.100	0.100	0.700
0.100	0.100	0.100	0.700
0.100	0.100	0.700	0.100
0.100	0.100	0.700	0.100
0.100	0.100	0.700	0.100
0.100	0.700	0.100	0.100
0.700	0.100	0.100	0.100
0.700	0.100	0.100	0.100
0.700	0.100	0.100	0.100
0.700	0.100	0.100	0.100
>CCACGGTTAA	16-CCACGGTTAA	9.413053	-58.357691	0	T:27.0(0.14%),B:3.0(0.01%),P:1e-25	Tpos:269.9,Tstd:195.3,Bpos:283.2,Bstd:138.6,StrandBias:0.3,Multiplicity:1.00
0.001	0.997	0.001	0.001
0.001	0.986	0.001	0.012
0.997	0.001	0.001	0.001
0.001	0.997	0.001	0.001
0.001	0.001	0.997	0.001
0.001	0.001	0.997	0.001
0.001	0.001	0.001	0.997
0.001	0.001	0.001	0.997
0.997	0.001	0.001	0.001
0.997	0.001	0.001	0.001
>ATCATATTGA	17-ATCATATTGA	10.296193	-58.170466	0	T:34.0(0.17%),B:4.6(0.02%),P:1e-25	Tpos:243.2,Tstd:188.4,Bpos:268.3,Bstd:171.2,StrandBias:0.2,Multiplicity:1.00
0.700	0.100	0.100	0.100
0.100	0.100	0.100	0.700
0.100	0.700	0.100	0.100
0.700	0.100	0.100	0.100
0.100	0.100	0.100	0.700
0.700	0.100	0.100	0.100
0.100	0.100	0.100	0.700
0.100	0.100	0.100	0.700
0.100	0.100	0.700	0.100
0.700	0.100	0.100	0.100
>GTCTAAACTA	18-GTCTAAACTA	10.296193	-56.852086	0	T:46.0(0.23%),B:9.8(0.03%),P:1e-24	Tpos:252.6,Tstd:218.0,Bpos:261.6,Bstd:230.9,StrandBias:0.4,Multiplicity:1.00
0.100	0.100	0.700	0.100
0.100	0.100	0.100	0.700
0.100	0.700	0.100	0.100
0.100	0.100	0.100	0.700
0.700	0.100	0.100	0.100
0.700	0.100	0.100	0.100
0.700	0.100	0.100	0.100
0.100	0.700	0.100	0.100
0.100	0.100	0.100	0.700
0.700	0.100	0.100	0.100
>CTTGCAAGCT	19-CTTGCAAGCT	10.296193	-28.875917	0	T:67.0(0.34%),B:36.6(0.12%),P:1e-12	Tpos:365.3,Tstd:242.1,Bpos:363.5,Bstd:203.3,StrandBias:-0.1,Multiplicity:1.00
0.100	0.700	0.100	0.100
0.100	0.100	0.100	0.700
0.100	0.100	0.100	0.700
0.100	0.100	0.700	0.100
0.100	0.700	0.100	0.100
0.700	0.100	0.100	0.100
0.700	0.100	0.100	0.100
0.100	0.100	0.700	0.100
0.100	0.700	0.100	0.100
0.100	0.100	0.100	0.700
>GGTCTGGGTC	20-GGTCTGGGTC	6.928147	-3.255516	0	T:303.0(1.53%),B:414.7(1.38%),P:1e-1	Tpos:376.7,Tstd:299.0,Bpos:359.9,Bstd:204.0,StrandBias:-0.3,Multiplicity:1.63
0.001	0.001	0.997	0.001
0.001	0.001	0.997	0.001
0.001	0.001	0.001	0.997
0.001	0.997	0.001	0.001
0.184	0.001	0.001	0.814
0.001	0.001	0.997	0.001
0.001	0.001	0.997	0.001
0.001	0.001	0.997	0.001
0.001	0.001	0.001	0.997
0.001	0.997	0.001	0.001
>AGCACAGCAC	21-AGCACAGCAC	10.296193	-2.768798	0	T:82.0(0.42%),B:104.8(0.35%),P:1e-1	Tpos:381.5,Tstd:361.1,Bpos:353.6,Bstd:182.7,StrandBias:-0.8,Multiplicity:7.00
0.700	0.100	0.100	0.100
0.100	0.100	0.700	0.100
0.100	0.700	0.100	0.100
0.700	0.100	0.100	0.100
0.100	0.700	0.100	0.100
0.700	0.100	0.100	0.100
0.100	0.100	0.700	0.100
0.100	0.700	0.100	0.100
0.700	0.100	0.100	0.100
0.100	0.700	0.100	0.100
>AGTGCTGAAC	22-AGTGCTGAAC	10.296193	-2.553233	0	T:19.0(0.10%),B:20.5(0.07%),P:1e-1	Tpos:429.9,Tstd:316.6,Bpos:240.7,Bstd:171.4,StrandBias:2.7,Multiplicity:4.37
0.700	0.100	0.100	0.100
0.100	0.100	0.700	0.100
0.100	0.100	0.100	0.700
0.100	0.100	0.700	0.100
0.100	0.700	0.100	0.100
0.100	0.100	0.100	0.700
0.100	0.100	0.700	0.100
0.700	0.100	0.100	0.100
0.700	0.100	0.100	0.100
0.100	0.700	0.100	0.100
>GCAGGAGGCA	23-GCAGGAGGCA	11.005684	-1.762064	0	T:243.0(1.23%),B:347.0(1.16%),P:1e0	Tpos:347.1,Tstd:319.4,Bpos:355.1,Bstd:181.3,StrandBias:-0.2,Multiplicity:2.35
0.001	0.001	0.997	0.001
0.001	0.997	0.001	0.001
0.997	0.001	0.001	0.001
0.001	0.001	0.997	0.001
0.001	0.001	0.997	0.001
0.997	0.001	0.001	0.001
0.001	0.059	0.939	0.001
0.001	0.001	0.997	0.001
0.001	0.997	0.001	0.001
0.997	0.001	0.001	0.001
>CTGTGCCTGT	24-CTGTGCCTGT	11.069387	-1.258563	0	T:248.0(1.26%),B:362.4(1.21%),P:1e0	Tpos:350.3,Tstd:325.3,Bpos:351.4,Bstd:189.4,StrandBias:1.2,Multiplicity:2.94
0.050	0.948	0.001	0.001
0.001	0.001	0.013	0.985
0.001	0.078	0.920	0.001
0.001	0.011	0.001	0.987
0.001	0.001	0.997	0.001
0.013	0.985	0.001	0.001
0.001	0.997	0.001	0.001
0.050	0.001	0.001	0.948
0.012	0.067	0.920	0.001
0.001	0.001	0.001	0.997
>CTCTGCCTCT	25-CTCTGCCTCT	13.832898	-0.473239	0	T:339.0(1.72%),B:522.2(1.74%),P:1e0	Tpos:291.0,Tstd:245.3,Bpos:358.5,Bstd:179.7,StrandBias:-0.0,Multiplicity:12.06
0.001	0.997	0.001	0.001
0.001	0.001	0.001	0.997
0.001	0.997	0.001	0.001
0.001	0.001	0.001	0.997
0.001	0.001	0.997	0.001
0.001	0.997	0.001	0.001
0.001	0.997	0.001	0.001
0.001	0.001	0.001	0.997
0.001	0.997	0.001	0.001
0.001	0.001	0.001	0.997
