>GCCMCCTAGTGG	1-GCCMCCTAGTGG	10.626249	-2507.705227	0	T:2190.0(11.09%),B:468.9(1.57%),P:1e-1089	Tpos:257.1,Tstd:229.8,Bpos:343.4,Bstd:201.2,StrandBias:0.1,Multiplicity:1.03
0.049	0.006	0.848	0.097
0.036	0.919	0.025	0.020
0.004	0.984	0.007	0.005
0.411	0.557	0.014	0.018
0.009	0.590	0.003	0.398
0.001	0.992	0.003	0.004
0.011	0.032	0.007	0.950
0.556	0.017	0.315	0.112
0.009	0.157	0.824	0.010
0.043	0.026	0.018	0.913
0.003	0.002	0.991	0.004
0.025	0.015	0.876	0.084
>CGCCMYCTRGTG	2-CGCCMYCTRGTG	9.383355	-2089.932821	0	T:4662.0(23.60%),B:2509.0(8.38%),P:1e-907	Tpos:353.5,Tstd:314.0,Bpos:354.9,Bstd:206.8,StrandBias:-0.1,Multiplicity:1.06
0.001	0.611	0.001	0.387
0.171	0.001	0.656	0.172
0.158	0.840	0.001	0.001
0.001	0.997	0.001	0.001
0.430	0.542	0.011	0.017
0.001	0.558	0.001	0.440
0.001	0.997	0.001	0.001
0.018	0.079	0.001	0.902
0.414	0.072	0.411	0.103
0.001	0.384	0.614	0.001
0.174	0.208	0.014	0.604
0.001	0.001	0.997	0.001
>RGGGCGGGGCYN	3-RGGGCGGGGCYN	8.707101	-623.352908	0	T:8382.0(42.43%),B:9149.3(30.56%),P:1e-270	Tpos:506.5,Tstd:309.6,Bpos:318.2,Bstd:177.3,StrandBias:-0.0,Multiplicity:2.03
0.283	0.009	0.429	0.278
0.354	0.001	0.644	0.001
0.001	0.001	0.997	0.001
0.001	0.001	0.997	0.001
0.001	0.997	0.001	0.001
0.001	0.001	0.997	0.001
0.001	0.001	0.713	0.285
0.233	0.001	0.686	0.080
0.149	0.150	0.526	0.175
0.137	0.560	0.001	0.302
0.116	0.384	0.148	0.353
0.248	0.234	0.208	0.311
>ACCCTAACCCTA	4-ACCCTAACCCTA	13.368516	-409.434499	0	T:175.0(0.89%),B:10.4(0.03%),P:1e-177	Tpos:228.7,Tstd:116.2,Bpos:302.4,Bstd:137.9,StrandBias:-0.3,Multiplicity:9.81
0.997	0.001	0.001	0.001
0.009	0.989	0.001	0.001
0.001	0.958	0.001	0.040
0.001	0.997	0.001	0.001
0.001	0.001	0.001	0.997
0.997	0.001	0.001	0.001
0.997	0.001	0.001	0.001
0.001	0.994	0.001	0.004
0.001	0.993	0.001	0.005
0.001	0.997	0.001	0.001
0.001	0.001	0.001	0.997
0.997	0.001	0.001	0.001
>GGGAATTGTAGT	5-GGGAATTGTAGT	11.119164	-222.103304	0	T:668.0(3.38%),B:402.6(1.34%),P:1e-96	Tpos:460.3,Tstd:288.2,Bpos:261.4,Bstd:161.8,StrandBias:-0.0,Multiplicity:1.19
0.032	0.020	0.912	0.036
0.032	0.003	0.935	0.030
0.059	0.020	0.889	0.032
0.797	0.030	0.117	0.056
0.484	0.093	0.203	0.220
0.289	0.055	0.052	0.604
0.015	0.079	0.045	0.861
0.003	0.019	0.946	0.032
0.057	0.083	0.029	0.831
0.920	0.010	0.032	0.038
0.020	0.025	0.917	0.038
0.029	0.020	0.043	0.908
>GTCACTCAAGAC	6-GTCACTCAAGAC	14.617587	-187.493905	0	T:54.0(0.27%),B:1.4(0.00%),P:1e-81	Tpos:363.0,Tstd:201.7,Bpos:531.0,Bstd:183.7,StrandBias:0.4,Multiplicity:1.00
0.001	0.001	0.997	0.001
0.001	0.001	0.001	0.997
0.001	0.997	0.001	0.001
0.895	0.103	0.001	0.001
0.001	0.895	0.001	0.103
0.001	0.001	0.001	0.997
0.001	0.997	0.001	0.001
0.793	0.001	0.103	0.103
0.895	0.001	0.001	0.103
0.001	0.001	0.997	0.001
0.895	0.001	0.001	0.103
0.001	0.732	0.001	0.266
>TCYRATTGSYYA	7-TCYRATTGSYYA	8.265342	-148.388681	0	T:467.0(2.36%),B:288.6(0.96%),P:1e-64	Tpos:410.5,Tstd:265.4,Bpos:307.5,Bstd:154.6,StrandBias:0.0,Multiplicity:1.19
0.083	0.230	0.236	0.451
0.054	0.589	0.194	0.163
0.106	0.448	0.079	0.367
0.278	0.191	0.357	0.174
0.738	0.037	0.195	0.030
0.044	0.022	0.270	0.664
0.084	0.012	0.051	0.853
0.012	0.071	0.791	0.126
0.032	0.432	0.500	0.036
0.106	0.431	0.060	0.403
0.024	0.335	0.163	0.478
0.427	0.185	0.236	0.152
>AAACTAGGACTG	8-AAACTAGGACTG	14.459458	-135.923722	0	T:42.0(0.21%),B:1.6(0.01%),P:1e-59	Tpos:231.3,Tstd:130.5,Bpos:287.3,Bstd:192.1,StrandBias:0.4,Multiplicity:1.00
0.817	0.049	0.061	0.073
0.927	0.001	0.036	0.036
0.853	0.012	0.036	0.099
0.049	0.846	0.056	0.049
0.061	0.024	0.036	0.879
0.774	0.061	0.036	0.129
0.012	0.061	0.866	0.061
0.049	0.073	0.854	0.024
0.805	0.061	0.061	0.073
0.097	0.757	0.049	0.097
0.036	0.049	0.049	0.866
0.097	0.085	0.782	0.036
>AACACCCATGAT	9-AACACCCATGAT	16.579341	-131.767798	0	T:41.0(0.21%),B:1.5(0.01%),P:1e-57	Tpos:239.0,Tstd:138.1,Bpos:48.0,Bstd:23.4,StrandBias:0.2,Multiplicity:1.00
0.997	0.001	0.001	0.001
0.997	0.001	0.001	0.001
0.001	0.997	0.001	0.001
0.997	0.001	0.001	0.001
0.006	0.992	0.001	0.001
0.001	0.997	0.001	0.001
0.001	0.997	0.001	0.001
0.997	0.001	0.001	0.001
0.001	0.001	0.001	0.997
0.001	0.006	0.987	0.006
0.992	0.001	0.001	0.006
0.001	0.001	0.001	0.997
>GATAGGTTAAAG	10-GATAGGTTAAAG	13.162431	-127.636004	0	T:40.0(0.20%),B:1.5(0.01%),P:1e-55	Tpos:243.5,Tstd:129.8,Bpos:44.9,Bstd:0.9,StrandBias:0.0,Multiplicity:1.00
0.102	0.068	0.747	0.083
0.761	0.079	0.073	0.087
0.077	0.074	0.055	0.794
0.636	0.062	0.153	0.149
0.086	0.045	0.786	0.083
0.143	0.074	0.699	0.084
0.068	0.081	0.056	0.795
0.080	0.124	0.085	0.711
0.796	0.057	0.064	0.083
0.758	0.079	0.064	0.099
0.790	0.058	0.071	0.081
0.084	0.107	0.730	0.079
>TAAAYACTTTTG	11-TAAAYACTTTTG	14.247734	-127.636004	0	T:40.0(0.20%),B:2.0(0.01%),P:1e-55	Tpos:251.1,Tstd:206.5,Bpos:360.2,Bstd:213.8,StrandBias:0.4,Multiplicity:1.00
0.001	0.082	0.001	0.916
0.835	0.082	0.082	0.001
0.833	0.001	0.165	0.001
0.708	0.001	0.043	0.248
0.001	0.539	0.001	0.459
0.984	0.001	0.001	0.014
0.014	0.984	0.001	0.001
0.001	0.001	0.001	0.997
0.165	0.082	0.001	0.752
0.082	0.001	0.001	0.916
0.001	0.001	0.001	0.997
0.083	0.083	0.669	0.165
>GACTGSTGASTT	12-GACTGSTGASTT	14.090058	-120.335758	0	T:60.0(0.30%),B:6.0(0.02%),P:1e-52	Tpos:291.0,Tstd:185.8,Bpos:259.6,Bstd:250.7,StrandBias:-0.1,Multiplicity:1.00
0.024	0.037	0.886	0.053
0.923	0.016	0.008	0.053
0.032	0.922	0.001	0.045
0.029	0.024	0.016	0.931
0.045	0.008	0.931	0.016
0.024	0.438	0.490	0.048
0.016	0.037	0.008	0.939
0.032	0.056	0.859	0.053
0.860	0.024	0.100	0.016
0.024	0.422	0.459	0.095
0.040	0.016	0.040	0.904
0.016	0.008	0.024	0.952
>ATTGCAGCCCTT	13-ATTGCAGCCCTT	11.610234	-117.982825	0	T:45.0(0.23%),B:2.1(0.01%),P:1e-51	Tpos:278.8,Tstd:172.7,Bpos:351.0,Bstd:165.8,StrandBias:0.2,Multiplicity:1.00
0.997	0.001	0.001	0.001
0.001	0.001	0.001	0.997
0.001	0.001	0.001	0.997
0.001	0.001	0.997	0.001
0.001	0.997	0.001	0.001
0.997	0.001	0.001	0.001
0.001	0.001	0.997	0.001
0.001	0.991	0.007	0.001
0.001	0.973	0.007	0.019
0.001	0.997	0.001	0.001
0.001	0.001	0.001	0.997
0.001	0.007	0.001	0.991
>TTTCCAGATCTG	14-TTTCCAGATCTG	14.830525	-109.891520	0	T:48.0(0.24%),B:3.4(0.01%),P:1e-47	Tpos:332.7,Tstd:217.3,Bpos:477.3,Bstd:49.1,StrandBias:0.0,Multiplicity:1.00
0.001	0.001	0.001	0.997
0.001	0.001	0.001	0.997
0.001	0.001	0.001	0.997
0.001	0.828	0.001	0.170
0.001	0.997	0.001	0.001
0.997	0.001	0.001	0.001
0.001	0.001	0.997	0.001
0.997	0.001	0.001	0.001
0.001	0.001	0.001	0.997
0.001	0.997	0.001	0.001
0.001	0.001	0.001	0.997
0.001	0.001	0.997	0.001
>ACACAGATACTC	15-ACACAGATACTC	14.653023	-107.454301	0	T:42.0(0.21%),B:2.8(0.01%),P:1e-46	Tpos:328.4,Tstd:151.2,Bpos:550.1,Bstd:31.7,StrandBias:-0.3,Multiplicity:1.00
0.997	0.001	0.001	0.001
0.323	0.675	0.001	0.001
0.997	0.001	0.001	0.001
0.001	0.997	0.001	0.001
0.997	0.001	0.001	0.001
0.001	0.001	0.997	0.001
0.997	0.001	0.001	0.001
0.349	0.001	0.001	0.649
0.997	0.001	0.001	0.001
0.323	0.675	0.001	0.001
0.001	0.001	0.001	0.997
0.001	0.997	0.001	0.001
>CTCCGAAAGTGT	16-CTCCGAAAGTGT	13.928298	-100.380413	0	T:45.0(0.23%),B:3.5(0.01%),P:1e-43	Tpos:249.9,Tstd:209.1,Bpos:383.8,Bstd:268.7,StrandBias:0.5,Multiplicity:1.00
0.244	0.754	0.001	0.001
0.001	0.001	0.001	0.997
0.001	0.997	0.001	0.001
0.265	0.733	0.001	0.001
0.001	0.001	0.826	0.172
0.913	0.085	0.001	0.001
0.997	0.001	0.001	0.001
0.997	0.001	0.001	0.001
0.001	0.244	0.754	0.001
0.001	0.001	0.001	0.997
0.001	0.001	0.997	0.001
0.001	0.330	0.001	0.668
>TGAGGTAGACAA	17-TGAGGTAGACAA	12.355432	-83.740579	0	T:35.0(0.18%),B:2.3(0.01%),P:1e-36	Tpos:216.1,Tstd:162.4,Bpos:331.1,Bstd:175.9,StrandBias:0.6,Multiplicity:1.00
0.100	0.100	0.100	0.700
0.100	0.100	0.700	0.100
0.700	0.100	0.100	0.100
0.100	0.100	0.700	0.100
0.100	0.100	0.700	0.100
0.100	0.100	0.100	0.700
0.700	0.100	0.100	0.100
0.100	0.100	0.700	0.100
0.700	0.100	0.100	0.100
0.100	0.700	0.100	0.100
0.700	0.100	0.100	0.100
0.700	0.100	0.100	0.100
>GAGGCGAGGCGA	18-GAGGCGAGGCGA	8.463612	-35.136032	0	T:3364.0(17.03%),B:4479.0(14.96%),P:1e-15	Tpos:526.7,Tstd:352.8,Bpos:363.3,Bstd:216.9,StrandBias:0.0,Multiplicity:1.20
0.100	0.100	0.700	0.100
0.700	0.100	0.100	0.100
0.100	0.100	0.700	0.100
0.100	0.100	0.700	0.100
0.100	0.700	0.100	0.100
0.100	0.100	0.700	0.100
0.700	0.100	0.100	0.100
0.100	0.100	0.700	0.100
0.100	0.100	0.700	0.100
0.100	0.700	0.100	0.100
0.100	0.100	0.700	0.100
0.700	0.100	0.100	0.100
>GTTYAGCACTMT	19-GTTYAGCACTMT	14.000181	-17.875587	0	T:12.0(0.06%),B:2.5(0.01%),P:1e-7	Tpos:404.2,Tstd:283.9,Bpos:386.1,Bstd:182.7,StrandBias:-3.5,Multiplicity:6.33
0.001	0.001	0.997	0.001
0.071	0.035	0.001	0.893
0.035	0.035	0.001	0.929
0.036	0.465	0.071	0.428
0.821	0.036	0.107	0.036
0.035	0.035	0.929	0.001
0.001	0.963	0.001	0.035
0.963	0.001	0.035	0.001
0.071	0.857	0.001	0.071
0.001	0.001	0.035	0.963
0.464	0.358	0.177	0.001
0.036	0.036	0.036	0.892
>ACAGAGGCGGAG	20-ACAGAGGCGGAG	9.259243	-15.604847	0	T:540.0(2.73%),B:653.0(2.18%),P:1e-6	Tpos:299.4,Tstd:249.3,Bpos:359.5,Bstd:179.0,StrandBias:-0.0,Multiplicity:7.92
0.865	0.001	0.133	0.001
0.001	0.930	0.068	0.001
0.997	0.001	0.001	0.001
0.001	0.001	0.997	0.001
0.997	0.001	0.001	0.001
0.001	0.001	0.997	0.001
0.001	0.001	0.997	0.001
0.001	0.997	0.001	0.001
0.201	0.001	0.797	0.001
0.001	0.001	0.997	0.001
0.997	0.001	0.001	0.001
0.001	0.001	0.997	0.001
>CAGGAGGCAGGA	21-CAGGAGGCAGGA	15.187788	-12.079007	0	T:56.0(0.28%),B:44.4(0.15%),P:1e-5	Tpos:306.8,Tstd:283.6,Bpos:339.8,Bstd:161.4,StrandBias:-0.2,Multiplicity:6.20
0.001	0.997	0.001	0.001
0.997	0.001	0.001	0.001
0.001	0.001	0.997	0.001
0.001	0.001	0.997	0.001
0.997	0.001	0.001	0.001
0.001	0.001	0.997	0.001
0.001	0.001	0.997	0.001
0.001	0.997	0.001	0.001
0.997	0.001	0.001	0.001
0.001	0.001	0.997	0.001
0.001	0.001	0.755	0.243
0.997	0.001	0.001	0.001
>TGCTGGTGTACT	22-TGCTGGTGTACT	14.649936	-9.590346	0	T:14.0(0.07%),B:6.9(0.02%),P:1e-4	Tpos:651.9,Tstd:420.7,Bpos:447.0,Bstd:154.2,StrandBias:-2.0,Multiplicity:10.57
0.001	0.001	0.001	0.997
0.001	0.001	0.997	0.001
0.001	0.997	0.001	0.001
0.001	0.001	0.001	0.997
0.001	0.001	0.997	0.001
0.323	0.001	0.675	0.001
0.001	0.001	0.001	0.997
0.001	0.001	0.675	0.323
0.001	0.001	0.001	0.997
0.647	0.001	0.351	0.001
0.001	0.997	0.001	0.001
0.001	0.001	0.001	0.997
>CACAGCACAGCA	23-CACAGCACAGCA	13.477535	-9.033541	0	T:60.0(0.30%),B:54.3(0.18%),P:1e-3	Tpos:399.4,Tstd:375.0,Bpos:333.8,Bstd:171.2,StrandBias:-1.0,Multiplicity:4.33
0.023	0.975	0.001	0.001
0.941	0.057	0.001	0.001
0.001	0.997	0.001	0.001
0.997	0.001	0.001	0.001
0.020	0.001	0.978	0.001
0.027	0.971	0.001	0.001
0.895	0.103	0.001	0.001
0.001	0.997	0.001	0.001
0.984	0.001	0.001	0.014
0.011	0.001	0.987	0.001
0.001	0.972	0.026	0.001
0.962	0.036	0.001	0.001
>CTGTGCCTGTGC	24-CTGTGCCTGTGC	16.432419	-6.672311	0	T:15.0(0.08%),B:9.8(0.03%),P:1e-2	Tpos:309.0,Tstd:246.9,Bpos:339.3,Bstd:135.7,StrandBias:2.0,Multiplicity:26.80
0.001	0.997	0.001	0.001
0.001	0.001	0.001	0.997
0.001	0.001	0.997	0.001
0.001	0.001	0.001	0.997
0.001	0.001	0.997	0.001
0.001	0.945	0.001	0.053
0.001	0.997	0.001	0.001
0.001	0.001	0.001	0.997
0.001	0.001	0.997	0.001
0.055	0.001	0.001	0.943
0.001	0.001	0.997	0.001
0.001	0.941	0.001	0.057
>GTCTGKGTCWGG	25-GTCTGKGTCWGG	10.668040	-5.747409	0	T:19.0(0.10%),B:14.5(0.05%),P:1e-2	Tpos:259.2,Tstd:168.1,Bpos:281.3,Bstd:137.8,StrandBias:-2.4,Multiplicity:6.89
0.200	0.152	0.625	0.023
0.137	0.186	0.023	0.654
0.080	0.834	0.014	0.072
0.324	0.132	0.053	0.491
0.078	0.079	0.695	0.148
0.084	0.135	0.403	0.377
0.193	0.023	0.673	0.111
0.122	0.146	0.213	0.519
0.096	0.713	0.073	0.118
0.362	0.023	0.106	0.509
0.053	0.084	0.795	0.068
0.044	0.090	0.542	0.324
