>TTWGCATHACAA	1-TTWGCATHACAA	7.970009	-540.402877	0	T:889.0(25.58%),B:3412.5(7.41%),P:1e-234	Tpos:302.7,Tstd:207.5,Bpos:284.7,Bstd:177.4,StrandBias:-0.1,Multiplicity:1.22
0.084	0.040	0.002	0.874
0.226	0.141	0.075	0.558
0.415	0.003	0.080	0.502
0.260	0.167	0.550	0.023
0.127	0.840	0.016	0.017
0.923	0.019	0.001	0.057
0.117	0.082	0.083	0.718
0.327	0.186	0.159	0.327
0.580	0.063	0.097	0.260
0.175	0.481	0.255	0.089
0.925	0.009	0.001	0.065
0.799	0.019	0.163	0.019
>ACAATAGCCTAG	2-ACAATAGCCTAG	11.592422	-456.691748	0	T:160.0(4.60%),B:48.9(0.11%),P:1e-198	Tpos:331.1,Tstd:177.2,Bpos:263.7,Bstd:171.9,StrandBias:0.1,Multiplicity:1.46
0.787	0.001	0.141	0.071
0.001	0.997	0.001	0.001
0.857	0.001	0.071	0.071
0.928	0.001	0.001	0.070
0.001	0.071	0.018	0.910
0.786	0.001	0.212	0.001
0.284	0.001	0.573	0.142
0.233	0.695	0.071	0.001
0.072	0.659	0.001	0.268
0.125	0.001	0.145	0.729
0.997	0.001	0.001	0.001
0.302	0.071	0.556	0.071
>STTACTGAATWS	3-STTACTGAATWS	12.333001	-386.115570	0	T:119.0(3.42%),B:24.7(0.05%),P:1e-167	Tpos:348.8,Tstd:196.8,Bpos:271.9,Bstd:188.0,StrandBias:-0.3,Multiplicity:1.34
0.014	0.412	0.541	0.033
0.196	0.075	0.033	0.696
0.060	0.094	0.021	0.825
0.900	0.041	0.046	0.013
0.020	0.908	0.026	0.046
0.007	0.034	0.013	0.946
0.085	0.033	0.694	0.188
0.907	0.020	0.020	0.053
0.868	0.026	0.027	0.079
0.148	0.033	0.013	0.806
0.522	0.033	0.013	0.432
0.079	0.464	0.389	0.068
>CCAGTGTTCCAA	4-CCAGTGTTCCAA	10.707416	-362.825760	0	T:127.0(3.65%),B:38.8(0.08%),P:1e-157	Tpos:347.3,Tstd:243.0,Bpos:293.6,Bstd:180.3,StrandBias:0.1,Multiplicity:1.01
0.001	0.997	0.001	0.001
0.001	0.981	0.009	0.009
0.981	0.009	0.009	0.001
0.001	0.001	0.977	0.021
0.135	0.001	0.001	0.863
0.001	0.001	0.997	0.001
0.001	0.001	0.001	0.997
0.001	0.001	0.001	0.997
0.001	0.997	0.001	0.001
0.001	0.997	0.001	0.001
0.997	0.001	0.001	0.001
0.997	0.001	0.001	0.001
>AACCCCTGGTGG	5-AACCCCTGGTGG	12.355432	-320.846762	0	T:63.0(1.81%),B:2.7(0.01%),P:1e-139	Tpos:365.5,Tstd:201.9,Bpos:369.5,Bstd:21.4,StrandBias:0.0,Multiplicity:1.00
0.700	0.100	0.100	0.100
0.700	0.100	0.100	0.100
0.100	0.700	0.100	0.100
0.100	0.700	0.100	0.100
0.100	0.700	0.100	0.100
0.100	0.700	0.100	0.100
0.100	0.100	0.100	0.700
0.100	0.100	0.700	0.100
0.100	0.100	0.700	0.100
0.100	0.100	0.100	0.700
0.100	0.100	0.700	0.100
0.100	0.100	0.700	0.100
>AATAGGTGGGTT	6-AATAGGTGGGTT	12.136594	-291.853503	0	T:77.0(2.22%),B:9.1(0.02%),P:1e-126	Tpos:370.9,Tstd:165.5,Bpos:177.9,Bstd:191.6,StrandBias:0.2,Multiplicity:1.01
0.997	0.001	0.001	0.001
0.997	0.001	0.001	0.001
0.001	0.001	0.001	0.997
0.997	0.001	0.001	0.001
0.001	0.001	0.997	0.001
0.001	0.001	0.997	0.001
0.012	0.012	0.230	0.746
0.001	0.001	0.997	0.001
0.043	0.001	0.955	0.001
0.001	0.001	0.997	0.001
0.001	0.001	0.001	0.997
0.001	0.001	0.001	0.997
>CTTYTARGATTA	7-CTTYTARGATTA	12.172969	-273.016377	0	T:160.0(4.60%),B:159.2(0.35%),P:1e-118	Tpos:344.2,Tstd:251.1,Bpos:287.9,Bstd:171.9,StrandBias:0.3,Multiplicity:1.41
0.001	0.997	0.001	0.001
0.001	0.001	0.001	0.997
0.001	0.001	0.001	0.997
0.001	0.539	0.003	0.457
0.349	0.001	0.001	0.649
0.997	0.001	0.001	0.001
0.519	0.001	0.479	0.001
0.001	0.001	0.758	0.240
0.997	0.001	0.001	0.001
0.001	0.001	0.004	0.994
0.001	0.001	0.001	0.997
0.567	0.001	0.204	0.228
>TATTCYYGTGTA	8-TATTCYYGTGTA	10.980523	-255.867227	0	T:121.0(3.48%),B:78.7(0.17%),P:1e-111	Tpos:329.7,Tstd:231.9,Bpos:278.7,Bstd:200.1,StrandBias:0.1,Multiplicity:1.12
0.259	0.027	0.010	0.704
0.837	0.001	0.050	0.112
0.016	0.020	0.358	0.606
0.039	0.063	0.026	0.872
0.039	0.862	0.010	0.089
0.020	0.445	0.005	0.530
0.062	0.330	0.200	0.408
0.064	0.029	0.644	0.263
0.085	0.010	0.010	0.895
0.020	0.020	0.764	0.196
0.005	0.001	0.023	0.971
0.487	0.254	0.020	0.238
>TTATTATAAGTG	9-TTATTATAAGTG	12.266034	-243.883255	0	T:76.0(2.19%),B:16.1(0.04%),P:1e-105	Tpos:360.6,Tstd:267.0,Bpos:374.7,Bstd:119.4,StrandBias:0.4,Multiplicity:1.00
0.001	0.054	0.001	0.944
0.001	0.001	0.001	0.997
0.984	0.001	0.014	0.001
0.001	0.001	0.014	0.984
0.001	0.001	0.001	0.997
0.997	0.001	0.001	0.001
0.001	0.001	0.001	0.997
0.997	0.001	0.001	0.001
0.997	0.001	0.001	0.001
0.001	0.001	0.997	0.001
0.001	0.001	0.001	0.997
0.001	0.001	0.997	0.001
>WGRCTTAGCTAT	10-WGRCTTAGCTAT	8.277175	-227.540440	0	T:98.0(2.82%),B:51.3(0.11%),P:1e-98	Tpos:346.1,Tstd:237.9,Bpos:280.7,Bstd:184.7,StrandBias:-0.1,Multiplicity:1.01
0.502	0.070	0.064	0.364
0.008	0.063	0.696	0.233
0.443	0.049	0.467	0.040
0.185	0.569	0.118	0.128
0.273	0.121	0.075	0.531
0.115	0.162	0.186	0.537
0.530	0.072	0.192	0.206
0.278	0.043	0.555	0.124
0.148	0.524	0.245	0.083
0.234	0.189	0.063	0.514
0.546	0.094	0.035	0.325
0.208	0.170	0.122	0.500
>GAATCCCACTGA	11-GAATCCCACTGA	11.851387	-223.195990	0	T:84.0(2.42%),B:31.4(0.07%),P:1e-96	Tpos:353.3,Tstd:156.4,Bpos:233.5,Bstd:176.7,StrandBias:0.5,Multiplicity:1.00
0.007	0.001	0.991	0.001
0.997	0.001	0.001	0.001
0.997	0.001	0.001	0.001
0.001	0.001	0.001	0.997
0.001	0.984	0.001	0.014
0.001	0.945	0.001	0.053
0.001	0.984	0.001	0.014
0.762	0.236	0.001	0.001
0.015	0.866	0.118	0.001
0.001	0.001	0.001	0.997
0.001	0.001	0.997	0.001
0.997	0.001	0.001	0.001
>AATGCCTGATTA	12-AATGCCTGATTA	14.544374	-217.520936	0	T:61.0(1.75%),B:9.2(0.02%),P:1e-94	Tpos:328.8,Tstd:162.4,Bpos:248.4,Bstd:185.7,StrandBias:0.1,Multiplicity:1.15
0.997	0.001	0.001	0.001
0.988	0.001	0.010	0.001
0.010	0.001	0.001	0.988
0.321	0.001	0.677	0.001
0.010	0.988	0.001	0.001
0.001	0.997	0.001	0.001
0.010	0.001	0.001	0.988
0.001	0.001	0.997	0.001
0.997	0.001	0.001	0.001
0.001	0.001	0.001	0.997
0.001	0.001	0.001	0.997
0.803	0.001	0.001	0.195
>GTCACTGTAACT	13-GTCACTGTAACT	12.355432	-208.935605	0	T:44.0(1.27%),B:2.1(0.00%),P:1e-90	Tpos:404.1,Tstd:281.2,Bpos:155.8,Bstd:80.9,StrandBias:0.1,Multiplicity:1.00
0.100	0.100	0.700	0.100
0.100	0.100	0.100	0.700
0.100	0.700	0.100	0.100
0.700	0.100	0.100	0.100
0.100	0.700	0.100	0.100
0.100	0.100	0.100	0.700
0.100	0.100	0.700	0.100
0.100	0.100	0.100	0.700
0.700	0.100	0.100	0.100
0.700	0.100	0.100	0.100
0.100	0.700	0.100	0.100
0.100	0.100	0.100	0.700
>ACTTCTAGTAGA	14-ACTTCTAGTAGA	12.352899	-204.026396	0	T:58.0(1.67%),B:9.5(0.02%),P:1e-88	Tpos:348.1,Tstd:178.8,Bpos:303.4,Bstd:157.6,StrandBias:-0.3,Multiplicity:1.00
0.983	0.001	0.015	0.001
0.001	0.997	0.001	0.001
0.001	0.036	0.001	0.962
0.001	0.001	0.001	0.997
0.001	0.997	0.001	0.001
0.001	0.001	0.001	0.997
0.997	0.001	0.001	0.001
0.001	0.001	0.997	0.001
0.001	0.001	0.001	0.997
0.997	0.001	0.001	0.001
0.001	0.015	0.983	0.001
0.997	0.001	0.001	0.001
>TGRATGTAWCTY	15-TGRATGTAWCTY	11.538539	-178.630318	0	T:106.0(3.05%),B:108.4(0.24%),P:1e-77	Tpos:380.0,Tstd:264.6,Bpos:286.8,Bstd:178.7,StrandBias:-0.3,Multiplicity:1.22
0.363	0.001	0.001	0.635
0.149	0.001	0.849	0.001
0.517	0.001	0.481	0.001
0.670	0.001	0.328	0.001
0.174	0.001	0.001	0.824
0.001	0.001	0.997	0.001
0.001	0.001	0.049	0.949
0.753	0.001	0.122	0.124
0.479	0.001	0.001	0.519
0.001	0.633	0.025	0.341
0.099	0.001	0.001	0.899
0.001	0.556	0.025	0.418
>CATTCCTTTTGT	16-CATTCCTTTTGT	13.821861	-170.738585	0	T:56.0(1.61%),B:14.6(0.03%),P:1e-74	Tpos:402.9,Tstd:266.0,Bpos:281.7,Bstd:154.5,StrandBias:0.3,Multiplicity:1.00
0.001	0.997	0.001	0.001
0.997	0.001	0.001	0.001
0.001	0.001	0.001	0.997
0.001	0.001	0.001	0.997
0.001	0.997	0.001	0.001
0.001	0.997	0.001	0.001
0.001	0.001	0.001	0.997
0.001	0.001	0.001	0.997
0.062	0.001	0.001	0.936
0.001	0.001	0.001	0.997
0.001	0.001	0.997	0.001
0.001	0.001	0.001	0.997
>TCACTAGGCCCA	17-TCACTAGGCCCA	12.355432	-168.617209	0	T:42.0(1.21%),B:4.5(0.01%),P:1e-73	Tpos:332.0,Tstd:150.5,Bpos:190.6,Bstd:207.2,StrandBias:-0.1,Multiplicity:1.00
0.100	0.100	0.100	0.700
0.100	0.700	0.100	0.100
0.700	0.100	0.100	0.100
0.100	0.700	0.100	0.100
0.100	0.100	0.100	0.700
0.700	0.100	0.100	0.100
0.100	0.100	0.700	0.100
0.100	0.100	0.700	0.100
0.100	0.700	0.100	0.100
0.100	0.700	0.100	0.100
0.100	0.700	0.100	0.100
0.700	0.100	0.100	0.100
>ATAGTCCACCTT	18-ATAGTCCACCTT	12.498806	-163.894841	0	T:57.0(1.64%),B:17.9(0.04%),P:1e-71	Tpos:270.7,Tstd:175.7,Bpos:273.3,Bstd:151.0,StrandBias:-0.1,Multiplicity:1.00
0.997	0.001	0.001	0.001
0.001	0.001	0.001	0.997
0.997	0.001	0.001	0.001
0.001	0.001	0.997	0.001
0.001	0.001	0.001	0.997
0.001	0.963	0.018	0.018
0.001	0.980	0.001	0.018
0.997	0.001	0.001	0.001
0.001	0.997	0.001	0.001
0.018	0.980	0.001	0.001
0.001	0.018	0.001	0.980
0.001	0.018	0.001	0.980
>TACCATGAAAGA	19-TACCATGAAAGA	12.690459	-153.178315	0	T:34.0(0.98%),B:2.9(0.01%),P:1e-66	Tpos:327.6,Tstd:140.5,Bpos:290.6,Bstd:203.0,StrandBias:0.7,Multiplicity:1.00
0.001	0.001	0.001	0.997
0.997	0.001	0.001	0.001
0.001	0.997	0.001	0.001
0.001	0.997	0.001	0.001
0.997	0.001	0.001	0.001
0.001	0.001	0.001	0.997
0.001	0.001	0.997	0.001
0.997	0.001	0.001	0.001
0.978	0.020	0.001	0.001
0.997	0.001	0.001	0.001
0.001	0.001	0.997	0.001
0.997	0.001	0.001	0.001
>ACAAGAGACTAA	20-ACAAGAGACTAA	12.355432	-128.612622	0	T:26.0(0.75%),B:1.8(0.00%),P:1e-55	Tpos:190.2,Tstd:80.6,Bpos:353.8,Bstd:114.8,StrandBias:-0.4,Multiplicity:1.00
0.700	0.100	0.100	0.100
0.100	0.700	0.100	0.100
0.700	0.100	0.100	0.100
0.700	0.100	0.100	0.100
0.100	0.100	0.700	0.100
0.700	0.100	0.100	0.100
0.100	0.100	0.700	0.100
0.700	0.100	0.100	0.100
0.100	0.700	0.100	0.100
0.100	0.100	0.100	0.700
0.700	0.100	0.100	0.100
0.700	0.100	0.100	0.100
>GAAGTTTCAGAC	21-GAAGTTTCAGAC	12.872780	-128.612622	0	T:26.0(0.75%),B:1.0(0.00%),P:1e-55	Tpos:262.2,Tstd:176.3,Bpos:132.7,Bstd:54.8,StrandBias:-0.2,Multiplicity:1.00
0.001	0.001	0.997	0.001
0.997	0.001	0.001	0.001
0.997	0.001	0.001	0.001
0.001	0.001	0.997	0.001
0.001	0.001	0.001	0.997
0.001	0.001	0.001	0.997
0.001	0.001	0.001	0.997
0.001	0.997	0.001	0.001
0.997	0.001	0.001	0.001
0.001	0.024	0.974	0.001
0.997	0.001	0.001	0.001
0.001	0.997	0.001	0.001
>CCAGAATAGATA	22-CCAGAATAGATA	12.355432	-126.354760	0	T:29.0(0.83%),B:2.3(0.01%),P:1e-54	Tpos:279.3,Tstd:188.8,Bpos:278.1,Bstd:125.8,StrandBias:-0.1,Multiplicity:1.00
0.100	0.700	0.100	0.100
0.100	0.700	0.100	0.100
0.700	0.100	0.100	0.100
0.100	0.100	0.700	0.100
0.700	0.100	0.100	0.100
0.700	0.100	0.100	0.100
0.100	0.100	0.100	0.700
0.700	0.100	0.100	0.100
0.100	0.100	0.700	0.100
0.700	0.100	0.100	0.100
0.100	0.100	0.100	0.700
0.700	0.100	0.100	0.100
>ACCACCCAGGAT	23-ACCACCCAGGAT	12.849441	-110.662916	0	T:26.0(0.75%),B:2.9(0.01%),P:1e-48	Tpos:223.3,Tstd:236.8,Bpos:256.1,Bstd:186.2,StrandBias:0.2,Multiplicity:1.00
0.997	0.001	0.001	0.001
0.001	0.997	0.001	0.001
0.001	0.997	0.001	0.001
0.997	0.001	0.001	0.001
0.001	0.997	0.001	0.001
0.001	0.997	0.001	0.001
0.001	0.997	0.001	0.001
0.974	0.024	0.001	0.001
0.001	0.001	0.997	0.001
0.001	0.001	0.974	0.024
0.997	0.001	0.001	0.001
0.001	0.001	0.001	0.997
>CTCCACCTAAAA	24-CTCCACCTAAAA	12.872780	-110.662916	0	T:26.0(0.75%),B:2.3(0.00%),P:1e-48	Tpos:263.0,Tstd:227.1,Bpos:329.6,Bstd:39.8,StrandBias:0.4,Multiplicity:1.00
0.001	0.997	0.001	0.001
0.001	0.001	0.024	0.974
0.001	0.997	0.001	0.001
0.001	0.997	0.001	0.001
0.997	0.001	0.001	0.001
0.001	0.997	0.001	0.001
0.001	0.997	0.001	0.001
0.001	0.001	0.001	0.997
0.997	0.001	0.001	0.001
0.997	0.001	0.001	0.001
0.997	0.001	0.001	0.001
0.997	0.001	0.001	0.001
>YGAAGCCCTTGW	25-YGAAGCCCTTGW	13.892339	-104.981949	0	T:27.0(0.78%),B:3.7(0.01%),P:1e-45	Tpos:230.8,Tstd:135.2,Bpos:212.6,Bstd:175.4,StrandBias:0.1,Multiplicity:1.00
0.001	0.564	0.010	0.425
0.186	0.001	0.812	0.001
0.609	0.187	0.203	0.001
0.997	0.001	0.001	0.001
0.001	0.001	0.997	0.001
0.001	0.997	0.001	0.001
0.001	0.997	0.001	0.001
0.001	0.997	0.001	0.001
0.001	0.001	0.001	0.997
0.001	0.001	0.001	0.997
0.010	0.001	0.609	0.380
0.387	0.222	0.001	0.390
