>WTTGTAATGC	1-WTTGTAATGC	12.783713	-344.327161	0	T:150.0(4.32%),B:80.2(0.17%),P:1e-149	Tpos:336.4,Tstd:165.4,Bpos:335.7,Bstd:170.5,StrandBias:-0.1,Multiplicity:1.01
0.425	0.001	0.001	0.573
0.008	0.001	0.001	0.990
0.004	0.001	0.001	0.994
0.029	0.005	0.959	0.007
0.001	0.054	0.001	0.944
0.945	0.016	0.022	0.017
0.997	0.001	0.001	0.001
0.021	0.001	0.001	0.977
0.001	0.001	0.988	0.010
0.001	0.987	0.007	0.005
>ACAATRGCCT	2-ACAATRGCCT	10.971689	-307.415616	0	T:186.0(5.35%),B:196.1(0.43%),P:1e-133	Tpos:328.9,Tstd:185.6,Bpos:268.4,Bstd:161.1,StrandBias:0.2,Multiplicity:1.31
0.997	0.001	0.001	0.001
0.001	0.997	0.001	0.001
0.997	0.001	0.001	0.001
0.821	0.173	0.005	0.001
0.040	0.173	0.001	0.786
0.450	0.005	0.544	0.001
0.001	0.001	0.997	0.001
0.286	0.712	0.001	0.001
0.001	0.933	0.065	0.001
0.079	0.066	0.130	0.725
>AATTTGCATR	3-AATTTGCATR	8.148384	-300.208427	0	T:601.0(17.29%),B:2585.6(5.61%),P:1e-130	Tpos:305.7,Tstd:245.8,Bpos:287.0,Bstd:175.0,StrandBias:0.1,Multiplicity:1.20
0.484	0.315	0.112	0.089
0.842	0.063	0.062	0.033
0.008	0.006	0.011	0.975
0.053	0.316	0.005	0.626
0.298	0.039	0.014	0.649
0.088	0.043	0.775	0.094
0.366	0.609	0.004	0.021
0.980	0.006	0.013	0.001
0.199	0.001	0.010	0.790
0.360	0.176	0.341	0.123
>ATTGTTATGC	4-ATTGTTATGC	7.684383	-277.882701	0	T:602.0(17.32%),B:2732.9(5.93%),P:1e-120	Tpos:306.9,Tstd:237.9,Bpos:283.5,Bstd:176.0,StrandBias:0.2,Multiplicity:1.08
0.686	0.109	0.046	0.159
0.039	0.016	0.013	0.932
0.096	0.017	0.031	0.856
0.049	0.077	0.796	0.078
0.042	0.095	0.016	0.847
0.148	0.093	0.057	0.702
0.747	0.151	0.032	0.070
0.087	0.010	0.028	0.875
0.068	0.033	0.735	0.164
0.016	0.829	0.053	0.102
>TTGGAACACT	5-TTGGAACACT	10.296193	-228.225485	0	T:110.0(3.16%),B:74.6(0.16%),P:1e-99	Tpos:347.2,Tstd:238.1,Bpos:291.3,Bstd:189.5,StrandBias:-0.1,Multiplicity:1.00
0.100	0.100	0.100	0.700
0.100	0.100	0.100	0.700
0.100	0.100	0.700	0.100
0.100	0.100	0.700	0.100
0.700	0.100	0.100	0.100
0.700	0.100	0.100	0.100
0.100	0.700	0.100	0.100
0.700	0.100	0.100	0.100
0.100	0.700	0.100	0.100
0.100	0.100	0.100	0.700
>TACTGAATWS	6-TACTGAATWS	9.998312	-218.541944	0	T:151.0(4.34%),B:199.9(0.43%),P:1e-94	Tpos:356.1,Tstd:217.0,Bpos:262.2,Bstd:177.5,StrandBias:-0.1,Multiplicity:1.50
0.001	0.001	0.001	0.997
0.912	0.001	0.086	0.001
0.001	0.997	0.001	0.001
0.001	0.001	0.001	0.997
0.055	0.001	0.943	0.001
0.924	0.074	0.001	0.001
0.997	0.001	0.001	0.001
0.001	0.001	0.001	0.997
0.465	0.001	0.001	0.533
0.001	0.533	0.465	0.001
>TAYTAKAAGT	7-TAYTAKAAGT	12.400048	-201.682101	0	T:109.0(3.14%),B:93.4(0.20%),P:1e-87	Tpos:353.5,Tstd:233.6,Bpos:296.7,Bstd:179.6,StrandBias:0.3,Multiplicity:1.28
0.001	0.001	0.001	0.997
0.986	0.012	0.001	0.001
0.001	0.489	0.001	0.509
0.001	0.001	0.001	0.997
0.997	0.001	0.001	0.001
0.001	0.001	0.502	0.496
0.997	0.001	0.001	0.001
0.997	0.001	0.001	0.001
0.001	0.009	0.989	0.001
0.001	0.016	0.001	0.982
>GTAAATTCCT	8-GTAAATTCCT	11.386402	-193.735609	0	T:146.0(4.20%),B:220.1(0.48%),P:1e-84	Tpos:328.2,Tstd:177.8,Bpos:293.1,Bstd:192.7,StrandBias:0.2,Multiplicity:1.01
0.001	0.098	0.900	0.001
0.001	0.008	0.001	0.990
0.985	0.001	0.010	0.004
0.997	0.001	0.001	0.001
0.840	0.158	0.001	0.001
0.001	0.001	0.001	0.997
0.185	0.001	0.156	0.658
0.001	0.994	0.002	0.003
0.001	0.958	0.001	0.040
0.009	0.017	0.001	0.973
>MCCCCTRGTG	9-MCCCCTRGTG	11.319770	-187.774474	0	T:150.0(4.32%),B:246.2(0.53%),P:1e-81	Tpos:336.5,Tstd:243.9,Bpos:279.5,Bstd:177.8,StrandBias:0.4,Multiplicity:1.01
0.497	0.501	0.001	0.001
0.001	0.997	0.001	0.001
0.001	0.961	0.037	0.001
0.001	0.953	0.045	0.001
0.001	0.577	0.163	0.259
0.001	0.163	0.001	0.835
0.497	0.001	0.501	0.001
0.020	0.001	0.941	0.038
0.001	0.233	0.001	0.765
0.001	0.001	0.997	0.001
>GCCMCACCYA	10-GCCMCACCYA	8.447872	-176.606134	0	T:961.0(27.65%),B:7037.9(15.28%),P:1e-76	Tpos:347.2,Tstd:284.8,Bpos:278.7,Bstd:168.1,StrandBias:0.1,Multiplicity:1.36
0.135	0.001	0.852	0.012
0.001	0.894	0.001	0.104
0.030	0.637	0.001	0.332
0.513	0.485	0.001	0.001
0.001	0.997	0.001	0.001
0.745	0.001	0.061	0.193
0.001	0.997	0.001	0.001
0.001	0.997	0.001	0.001
0.001	0.523	0.001	0.475
0.625	0.189	0.027	0.159
>ATAGGTGGGT	11-ATAGGTGGGT	11.665638	-149.155238	0	T:96.0(2.76%),B:113.1(0.25%),P:1e-64	Tpos:372.8,Tstd:225.6,Bpos:305.1,Bstd:167.0,StrandBias:0.0,Multiplicity:1.02
0.997	0.001	0.001	0.001
0.001	0.001	0.001	0.997
0.997	0.001	0.001	0.001
0.001	0.001	0.997	0.001
0.001	0.001	0.997	0.001
0.001	0.013	0.143	0.843
0.001	0.001	0.997	0.001
0.001	0.001	0.997	0.001
0.001	0.001	0.997	0.001
0.135	0.001	0.001	0.863
>TTCWAAGATT	12-TTCWAAGATT	10.744498	-134.635567	0	T:139.0(4.00%),B:318.0(0.69%),P:1e-58	Tpos:288.3,Tstd:210.2,Bpos:290.9,Bstd:166.9,StrandBias:-0.1,Multiplicity:1.00
0.124	0.001	0.001	0.874
0.001	0.001	0.001	0.997
0.001	0.976	0.022	0.001
0.487	0.001	0.022	0.490
0.934	0.064	0.001	0.001
0.758	0.044	0.197	0.001
0.001	0.001	0.997	0.001
0.874	0.001	0.124	0.001
0.064	0.001	0.267	0.668
0.001	0.001	0.001	0.997
>AGGGAATMCC	13-AGGGAATMCC	10.936203	-132.879751	0	T:109.0(3.14%),B:186.2(0.40%),P:1e-57	Tpos:334.2,Tstd:164.8,Bpos:288.4,Bstd:178.9,StrandBias:0.1,Multiplicity:1.05
0.587	0.004	0.086	0.323
0.350	0.001	0.648	0.001
0.001	0.001	0.997	0.001
0.001	0.001	0.997	0.001
0.997	0.001	0.001	0.001
0.600	0.001	0.001	0.398
0.001	0.001	0.001	0.997
0.339	0.421	0.001	0.239
0.001	0.997	0.001	0.001
0.001	0.997	0.001	0.001
>KACAATAGCA	14-KACAATAGCA	10.046335	-132.105878	0	T:139.0(4.00%),B:324.2(0.70%),P:1e-57	Tpos:317.8,Tstd:221.1,Bpos:294.4,Bstd:177.6,StrandBias:-0.2,Multiplicity:1.01
0.220	0.029	0.383	0.368
0.948	0.050	0.001	0.001
0.001	0.939	0.031	0.029
0.649	0.001	0.001	0.349
0.900	0.014	0.085	0.001
0.257	0.001	0.001	0.741
0.997	0.001	0.001	0.001
0.041	0.029	0.922	0.008
0.044	0.954	0.001	0.001
0.457	0.175	0.072	0.296
>CATAAAACAG	15-CATAAAACAG	7.792902	-131.751113	0	T:140.0(4.03%),B:330.5(0.72%),P:1e-57	Tpos:293.4,Tstd:191.8,Bpos:275.3,Bstd:177.0,StrandBias:0.3,Multiplicity:1.00
0.001	0.997	0.001	0.001
0.997	0.001	0.001	0.001
0.001	0.001	0.001	0.997
0.979	0.001	0.019	0.001
0.997	0.001	0.001	0.001
0.881	0.001	0.001	0.117
0.997	0.001	0.001	0.001
0.001	0.857	0.141	0.001
0.997	0.001	0.001	0.001
0.001	0.001	0.997	0.001
>ACTTAACTAT	16-ACTTAACTAT	8.670564	-126.832593	0	T:87.0(2.50%),B:114.7(0.25%),P:1e-55	Tpos:334.0,Tstd:261.5,Bpos:288.6,Bstd:181.0,StrandBias:-0.0,Multiplicity:1.01
0.920	0.001	0.078	0.001
0.001	0.997	0.001	0.001
0.001	0.001	0.001	0.997
0.001	0.001	0.001	0.997
0.997	0.001	0.001	0.001
0.925	0.001	0.073	0.001
0.001	0.997	0.001	0.001
0.001	0.001	0.001	0.997
0.997	0.001	0.001	0.001
0.001	0.001	0.001	0.997
>GATAGTATTC	17-GATAGTATTC	8.787951	-125.556943	0	T:104.0(2.99%),B:180.3(0.39%),P:1e-54	Tpos:320.9,Tstd:229.6,Bpos:266.2,Bstd:182.9,StrandBias:0.5,Multiplicity:1.09
0.001	0.001	0.997	0.001
0.997	0.001	0.001	0.001
0.001	0.001	0.001	0.997
0.861	0.001	0.001	0.137
0.001	0.001	0.997	0.001
0.248	0.001	0.001	0.750
0.997	0.001	0.001	0.001
0.045	0.001	0.001	0.953
0.065	0.001	0.001	0.933
0.001	0.997	0.001	0.001
>TTAGTCTGGT	18-TTAGTCTGGT	10.197950	-125.238395	0	T:63.0(1.81%),B:47.2(0.10%),P:1e-54	Tpos:361.5,Tstd:300.5,Bpos:297.2,Bstd:182.2,StrandBias:0.1,Multiplicity:1.00
0.099	0.117	0.001	0.783
0.115	0.084	0.086	0.715
0.750	0.080	0.081	0.089
0.074	0.062	0.735	0.129
0.123	0.052	0.112	0.713
0.392	0.584	0.011	0.013
0.069	0.068	0.077	0.786
0.008	0.089	0.530	0.373
0.280	0.062	0.584	0.074
0.103	0.069	0.009	0.819
>TACGAGTGTA	19-TACGAGTGTA	10.536649	-124.554172	0	T:70.0(2.01%),B:65.7(0.14%),P:1e-54	Tpos:317.2,Tstd:183.1,Bpos:257.4,Bstd:157.8,StrandBias:-0.8,Multiplicity:1.04
0.001	0.001	0.001	0.997
0.997	0.001	0.001	0.001
0.001	0.898	0.001	0.100
0.001	0.001	0.997	0.001
0.630	0.001	0.368	0.001
0.001	0.001	0.997	0.001
0.001	0.001	0.001	0.997
0.001	0.001	0.997	0.001
0.001	0.001	0.001	0.997
0.997	0.001	0.001	0.001
>YATGGATCCA	20-YATGGATCCA	11.014889	-123.589545	0	T:52.0(1.50%),B:26.1(0.06%),P:1e-53	Tpos:334.8,Tstd:282.5,Bpos:311.0,Bstd:155.7,StrandBias:0.7,Multiplicity:1.02
0.001	0.418	0.038	0.543
0.586	0.001	0.412	0.001
0.159	0.166	0.001	0.674
0.038	0.253	0.707	0.002
0.001	0.001	0.876	0.122
0.996	0.001	0.002	0.001
0.002	0.102	0.087	0.809
0.001	0.897	0.101	0.001
0.001	0.723	0.001	0.275
0.835	0.001	0.163	0.001
>TYWGTATTGT	21-TYWGTATTGT	8.283247	-117.931080	0	T:111.0(3.19%),B:227.4(0.49%),P:1e-51	Tpos:374.6,Tstd:310.6,Bpos:290.4,Bstd:174.7,StrandBias:0.2,Multiplicity:1.24
0.001	0.001	0.001	0.997
0.001	0.502	0.001	0.496
0.518	0.001	0.001	0.480
0.001	0.001	0.997	0.001
0.001	0.001	0.001	0.997
0.997	0.001	0.001	0.001
0.001	0.001	0.001	0.997
0.001	0.001	0.001	0.997
0.015	0.001	0.983	0.001
0.001	0.001	0.001	0.997
>ATAGTCCACC	22-ATAGTCCACC	10.296193	-116.440002	0	T:52.0(1.50%),B:30.9(0.07%),P:1e-50	Tpos:264.0,Tstd:172.3,Bpos:306.6,Bstd:135.4,StrandBias:0.1,Multiplicity:1.00
0.700	0.100	0.100	0.100
0.100	0.100	0.100	0.700
0.700	0.100	0.100	0.100
0.100	0.100	0.700	0.100
0.100	0.100	0.100	0.700
0.100	0.700	0.100	0.100
0.100	0.700	0.100	0.100
0.700	0.100	0.100	0.100
0.100	0.700	0.100	0.100
0.100	0.700	0.100	0.100
>TGTATACATT	23-TGTATACATT	12.306651	-99.350356	0	T:73.0(2.10%),B:107.3(0.23%),P:1e-43	Tpos:378.4,Tstd:285.2,Bpos:286.4,Bstd:159.3,StrandBias:0.1,Multiplicity:1.00
0.001	0.007	0.001	0.991
0.001	0.001	0.997	0.001
0.001	0.001	0.001	0.997
0.997	0.001	0.001	0.001
0.001	0.001	0.001	0.997
0.776	0.001	0.222	0.001
0.001	0.989	0.009	0.001
0.997	0.001	0.001	0.001
0.001	0.001	0.001	0.997
0.001	0.011	0.001	0.987
>ACAAGGGAMT	24-ACAAGGGAMT	9.563051	-97.694340	0	T:223.0(6.42%),B:1019.3(2.21%),P:1e-42	Tpos:308.8,Tstd:217.5,Bpos:280.8,Bstd:169.8,StrandBias:0.1,Multiplicity:1.11
0.997	0.001	0.001	0.001
0.090	0.880	0.001	0.029
0.934	0.064	0.001	0.001
0.567	0.403	0.001	0.029
0.162	0.029	0.808	0.001
0.235	0.026	0.738	0.001
0.230	0.001	0.768	0.001
0.997	0.001	0.001	0.001
0.320	0.448	0.231	0.001
0.001	0.001	0.001	0.997
>AAAGTAATTA	25-AAAGTAATTA	10.871603	-73.205912	0	T:83.0(2.39%),B:212.8(0.46%),P:1e-31	Tpos:347.1,Tstd:168.9,Bpos:263.1,Bstd:175.5,StrandBias:-0.3,Multiplicity:1.07
0.615	0.001	0.001	0.383
0.630	0.001	0.001	0.368
0.771	0.227	0.001	0.001
0.001	0.212	0.786	0.001
0.001	0.001	0.001	0.997
0.805	0.193	0.001	0.001
0.997	0.001	0.001	0.001
0.001	0.001	0.001	0.997
0.001	0.001	0.001	0.997
0.997	0.001	0.001	0.001
>TTWGCATHACAA	1-TTWGCATHACAA	7.970009	-540.402877	0	T:889.0(25.58%),B:3412.5(7.41%),P:1e-234	Tpos:302.7,Tstd:207.5,Bpos:284.7,Bstd:177.4,StrandBias:-0.1,Multiplicity:1.22
0.084	0.040	0.002	0.874
0.226	0.141	0.075	0.558
0.415	0.003	0.080	0.502
0.260	0.167	0.550	0.023
0.127	0.840	0.016	0.017
0.923	0.019	0.001	0.057
0.117	0.082	0.083	0.718
0.327	0.186	0.159	0.327
0.580	0.063	0.097	0.260
0.175	0.481	0.255	0.089
0.925	0.009	0.001	0.065
0.799	0.019	0.163	0.019
>ACAATAGCCTAG	2-ACAATAGCCTAG	11.592422	-456.691748	0	T:160.0(4.60%),B:48.9(0.11%),P:1e-198	Tpos:331.1,Tstd:177.2,Bpos:263.7,Bstd:171.9,StrandBias:0.1,Multiplicity:1.46
0.787	0.001	0.141	0.071
0.001	0.997	0.001	0.001
0.857	0.001	0.071	0.071
0.928	0.001	0.001	0.070
0.001	0.071	0.018	0.910
0.786	0.001	0.212	0.001
0.284	0.001	0.573	0.142
0.233	0.695	0.071	0.001
0.072	0.659	0.001	0.268
0.125	0.001	0.145	0.729
0.997	0.001	0.001	0.001
0.302	0.071	0.556	0.071
>STTACTGAATWS	3-STTACTGAATWS	12.333001	-386.115570	0	T:119.0(3.42%),B:24.7(0.05%),P:1e-167	Tpos:348.8,Tstd:196.8,Bpos:271.9,Bstd:188.0,StrandBias:-0.3,Multiplicity:1.34
0.014	0.412	0.541	0.033
0.196	0.075	0.033	0.696
0.060	0.094	0.021	0.825
0.900	0.041	0.046	0.013
0.020	0.908	0.026	0.046
0.007	0.034	0.013	0.946
0.085	0.033	0.694	0.188
0.907	0.020	0.020	0.053
0.868	0.026	0.027	0.079
0.148	0.033	0.013	0.806
0.522	0.033	0.013	0.432
0.079	0.464	0.389	0.068
>CCAGTGTTCCAA	4-CCAGTGTTCCAA	10.707416	-362.825760	0	T:127.0(3.65%),B:38.8(0.08%),P:1e-157	Tpos:347.3,Tstd:243.0,Bpos:293.6,Bstd:180.3,StrandBias:0.1,Multiplicity:1.01
0.001	0.997	0.001	0.001
0.001	0.981	0.009	0.009
0.981	0.009	0.009	0.001
0.001	0.001	0.977	0.021
0.135	0.001	0.001	0.863
0.001	0.001	0.997	0.001
0.001	0.001	0.001	0.997
0.001	0.001	0.001	0.997
0.001	0.997	0.001	0.001
0.001	0.997	0.001	0.001
0.997	0.001	0.001	0.001
0.997	0.001	0.001	0.001
>AACCCCTGGTGG	5-AACCCCTGGTGG	12.355432	-320.846762	0	T:63.0(1.81%),B:2.7(0.01%),P:1e-139	Tpos:365.5,Tstd:201.9,Bpos:369.5,Bstd:21.4,StrandBias:0.0,Multiplicity:1.00
0.700	0.100	0.100	0.100
0.700	0.100	0.100	0.100
0.100	0.700	0.100	0.100
0.100	0.700	0.100	0.100
0.100	0.700	0.100	0.100
0.100	0.700	0.100	0.100
0.100	0.100	0.100	0.700
0.100	0.100	0.700	0.100
0.100	0.100	0.700	0.100
0.100	0.100	0.100	0.700
0.100	0.100	0.700	0.100
0.100	0.100	0.700	0.100
>AATAGGTGGGTT	6-AATAGGTGGGTT	12.136594	-291.853503	0	T:77.0(2.22%),B:9.1(0.02%),P:1e-126	Tpos:370.9,Tstd:165.5,Bpos:177.9,Bstd:191.6,StrandBias:0.2,Multiplicity:1.01
0.997	0.001	0.001	0.001
0.997	0.001	0.001	0.001
0.001	0.001	0.001	0.997
0.997	0.001	0.001	0.001
0.001	0.001	0.997	0.001
0.001	0.001	0.997	0.001
0.012	0.012	0.230	0.746
0.001	0.001	0.997	0.001
0.043	0.001	0.955	0.001
0.001	0.001	0.997	0.001
0.001	0.001	0.001	0.997
0.001	0.001	0.001	0.997
>CTTYTARGATTA	7-CTTYTARGATTA	12.172969	-273.016377	0	T:160.0(4.60%),B:159.2(0.35%),P:1e-118	Tpos:344.2,Tstd:251.1,Bpos:287.9,Bstd:171.9,StrandBias:0.3,Multiplicity:1.41
0.001	0.997	0.001	0.001
0.001	0.001	0.001	0.997
0.001	0.001	0.001	0.997
0.001	0.539	0.003	0.457
0.349	0.001	0.001	0.649
0.997	0.001	0.001	0.001
0.519	0.001	0.479	0.001
0.001	0.001	0.758	0.240
0.997	0.001	0.001	0.001
0.001	0.001	0.004	0.994
0.001	0.001	0.001	0.997
0.567	0.001	0.204	0.228
>TATTCYYGTGTA	8-TATTCYYGTGTA	10.980523	-255.867227	0	T:121.0(3.48%),B:78.7(0.17%),P:1e-111	Tpos:329.7,Tstd:231.9,Bpos:278.7,Bstd:200.1,StrandBias:0.1,Multiplicity:1.12
0.259	0.027	0.010	0.704
0.837	0.001	0.050	0.112
0.016	0.020	0.358	0.606
0.039	0.063	0.026	0.872
0.039	0.862	0.010	0.089
0.020	0.445	0.005	0.530
0.062	0.330	0.200	0.408
0.064	0.029	0.644	0.263
0.085	0.010	0.010	0.895
0.020	0.020	0.764	0.196
0.005	0.001	0.023	0.971
0.487	0.254	0.020	0.238
>TTATTATAAGTG	9-TTATTATAAGTG	12.266034	-243.883255	0	T:76.0(2.19%),B:16.1(0.04%),P:1e-105	Tpos:360.6,Tstd:267.0,Bpos:374.7,Bstd:119.4,StrandBias:0.4,Multiplicity:1.00
0.001	0.054	0.001	0.944
0.001	0.001	0.001	0.997
0.984	0.001	0.014	0.001
0.001	0.001	0.014	0.984
0.001	0.001	0.001	0.997
0.997	0.001	0.001	0.001
0.001	0.001	0.001	0.997
0.997	0.001	0.001	0.001
0.997	0.001	0.001	0.001
0.001	0.001	0.997	0.001
0.001	0.001	0.001	0.997
0.001	0.001	0.997	0.001
>WGRCTTAGCTAT	10-WGRCTTAGCTAT	8.277175	-227.540440	0	T:98.0(2.82%),B:51.3(0.11%),P:1e-98	Tpos:346.1,Tstd:237.9,Bpos:280.7,Bstd:184.7,StrandBias:-0.1,Multiplicity:1.01
0.502	0.070	0.064	0.364
0.008	0.063	0.696	0.233
0.443	0.049	0.467	0.040
0.185	0.569	0.118	0.128
0.273	0.121	0.075	0.531
0.115	0.162	0.186	0.537
0.530	0.072	0.192	0.206
0.278	0.043	0.555	0.124
0.148	0.524	0.245	0.083
0.234	0.189	0.063	0.514
0.546	0.094	0.035	0.325
0.208	0.170	0.122	0.500
>GAATCCCACTGA	11-GAATCCCACTGA	11.851387	-223.195990	0	T:84.0(2.42%),B:31.4(0.07%),P:1e-96	Tpos:353.3,Tstd:156.4,Bpos:233.5,Bstd:176.7,StrandBias:0.5,Multiplicity:1.00
0.007	0.001	0.991	0.001
0.997	0.001	0.001	0.001
0.997	0.001	0.001	0.001
0.001	0.001	0.001	0.997
0.001	0.984	0.001	0.014
0.001	0.945	0.001	0.053
0.001	0.984	0.001	0.014
0.762	0.236	0.001	0.001
0.015	0.866	0.118	0.001
0.001	0.001	0.001	0.997
0.001	0.001	0.997	0.001
0.997	0.001	0.001	0.001
>AATGCCTGATTA	12-AATGCCTGATTA	14.544374	-217.520936	0	T:61.0(1.75%),B:9.2(0.02%),P:1e-94	Tpos:328.8,Tstd:162.4,Bpos:248.4,Bstd:185.7,StrandBias:0.1,Multiplicity:1.15
0.997	0.001	0.001	0.001
0.988	0.001	0.010	0.001
0.010	0.001	0.001	0.988
0.321	0.001	0.677	0.001
0.010	0.988	0.001	0.001
0.001	0.997	0.001	0.001
0.010	0.001	0.001	0.988
0.001	0.001	0.997	0.001
0.997	0.001	0.001	0.001
0.001	0.001	0.001	0.997
0.001	0.001	0.001	0.997
0.803	0.001	0.001	0.195
>GTCACTGTAACT	13-GTCACTGTAACT	12.355432	-208.935605	0	T:44.0(1.27%),B:2.1(0.00%),P:1e-90	Tpos:404.1,Tstd:281.2,Bpos:155.8,Bstd:80.9,StrandBias:0.1,Multiplicity:1.00
0.100	0.100	0.700	0.100
0.100	0.100	0.100	0.700
0.100	0.700	0.100	0.100
0.700	0.100	0.100	0.100
0.100	0.700	0.100	0.100
0.100	0.100	0.100	0.700
0.100	0.100	0.700	0.100
0.100	0.100	0.100	0.700
0.700	0.100	0.100	0.100
0.700	0.100	0.100	0.100
0.100	0.700	0.100	0.100
0.100	0.100	0.100	0.700
>ACTTCTAGTAGA	14-ACTTCTAGTAGA	12.352899	-204.026396	0	T:58.0(1.67%),B:9.5(0.02%),P:1e-88	Tpos:348.1,Tstd:178.8,Bpos:303.4,Bstd:157.6,StrandBias:-0.3,Multiplicity:1.00
0.983	0.001	0.015	0.001
0.001	0.997	0.001	0.001
0.001	0.036	0.001	0.962
0.001	0.001	0.001	0.997
0.001	0.997	0.001	0.001
0.001	0.001	0.001	0.997
0.997	0.001	0.001	0.001
0.001	0.001	0.997	0.001
0.001	0.001	0.001	0.997
0.997	0.001	0.001	0.001
0.001	0.015	0.983	0.001
0.997	0.001	0.001	0.001
>TGRATGTAWCTY	15-TGRATGTAWCTY	11.538539	-178.630318	0	T:106.0(3.05%),B:108.4(0.24%),P:1e-77	Tpos:380.0,Tstd:264.6,Bpos:286.8,Bstd:178.7,StrandBias:-0.3,Multiplicity:1.22
0.363	0.001	0.001	0.635
0.149	0.001	0.849	0.001
0.517	0.001	0.481	0.001
0.670	0.001	0.328	0.001
0.174	0.001	0.001	0.824
0.001	0.001	0.997	0.001
0.001	0.001	0.049	0.949
0.753	0.001	0.122	0.124
0.479	0.001	0.001	0.519
0.001	0.633	0.025	0.341
0.099	0.001	0.001	0.899
0.001	0.556	0.025	0.418
>CATTCCTTTTGT	16-CATTCCTTTTGT	13.821861	-170.738585	0	T:56.0(1.61%),B:14.6(0.03%),P:1e-74	Tpos:402.9,Tstd:266.0,Bpos:281.7,Bstd:154.5,StrandBias:0.3,Multiplicity:1.00
0.001	0.997	0.001	0.001
0.997	0.001	0.001	0.001
0.001	0.001	0.001	0.997
0.001	0.001	0.001	0.997
0.001	0.997	0.001	0.001
0.001	0.997	0.001	0.001
0.001	0.001	0.001	0.997
0.001	0.001	0.001	0.997
0.062	0.001	0.001	0.936
0.001	0.001	0.001	0.997
0.001	0.001	0.997	0.001
0.001	0.001	0.001	0.997
>TCACTAGGCCCA	17-TCACTAGGCCCA	12.355432	-168.617209	0	T:42.0(1.21%),B:4.5(0.01%),P:1e-73	Tpos:332.0,Tstd:150.5,Bpos:190.6,Bstd:207.2,StrandBias:-0.1,Multiplicity:1.00
0.100	0.100	0.100	0.700
0.100	0.700	0.100	0.100
0.700	0.100	0.100	0.100
0.100	0.700	0.100	0.100
0.100	0.100	0.100	0.700
0.700	0.100	0.100	0.100
0.100	0.100	0.700	0.100
0.100	0.100	0.700	0.100
0.100	0.700	0.100	0.100
0.100	0.700	0.100	0.100
0.100	0.700	0.100	0.100
0.700	0.100	0.100	0.100
>ATAGTCCACCTT	18-ATAGTCCACCTT	12.498806	-163.894841	0	T:57.0(1.64%),B:17.9(0.04%),P:1e-71	Tpos:270.7,Tstd:175.7,Bpos:273.3,Bstd:151.0,StrandBias:-0.1,Multiplicity:1.00
0.997	0.001	0.001	0.001
0.001	0.001	0.001	0.997
0.997	0.001	0.001	0.001
0.001	0.001	0.997	0.001
0.001	0.001	0.001	0.997
0.001	0.963	0.018	0.018
0.001	0.980	0.001	0.018
0.997	0.001	0.001	0.001
0.001	0.997	0.001	0.001
0.018	0.980	0.001	0.001
0.001	0.018	0.001	0.980
0.001	0.018	0.001	0.980
>TACCATGAAAGA	19-TACCATGAAAGA	12.690459	-153.178315	0	T:34.0(0.98%),B:2.9(0.01%),P:1e-66	Tpos:327.6,Tstd:140.5,Bpos:290.6,Bstd:203.0,StrandBias:0.7,Multiplicity:1.00
0.001	0.001	0.001	0.997
0.997	0.001	0.001	0.001
0.001	0.997	0.001	0.001
0.001	0.997	0.001	0.001
0.997	0.001	0.001	0.001
0.001	0.001	0.001	0.997
0.001	0.001	0.997	0.001
0.997	0.001	0.001	0.001
0.978	0.020	0.001	0.001
0.997	0.001	0.001	0.001
0.001	0.001	0.997	0.001
0.997	0.001	0.001	0.001
>ACAAGAGACTAA	20-ACAAGAGACTAA	12.355432	-128.612622	0	T:26.0(0.75%),B:1.8(0.00%),P:1e-55	Tpos:190.2,Tstd:80.6,Bpos:353.8,Bstd:114.8,StrandBias:-0.4,Multiplicity:1.00
0.700	0.100	0.100	0.100
0.100	0.700	0.100	0.100
0.700	0.100	0.100	0.100
0.700	0.100	0.100	0.100
0.100	0.100	0.700	0.100
0.700	0.100	0.100	0.100
0.100	0.100	0.700	0.100
0.700	0.100	0.100	0.100
0.100	0.700	0.100	0.100
0.100	0.100	0.100	0.700
0.700	0.100	0.100	0.100
0.700	0.100	0.100	0.100
>GAAGTTTCAGAC	21-GAAGTTTCAGAC	12.872780	-128.612622	0	T:26.0(0.75%),B:1.0(0.00%),P:1e-55	Tpos:262.2,Tstd:176.3,Bpos:132.7,Bstd:54.8,StrandBias:-0.2,Multiplicity:1.00
0.001	0.001	0.997	0.001
0.997	0.001	0.001	0.001
0.997	0.001	0.001	0.001
0.001	0.001	0.997	0.001
0.001	0.001	0.001	0.997
0.001	0.001	0.001	0.997
0.001	0.001	0.001	0.997
0.001	0.997	0.001	0.001
0.997	0.001	0.001	0.001
0.001	0.024	0.974	0.001
0.997	0.001	0.001	0.001
0.001	0.997	0.001	0.001
>CCAGAATAGATA	22-CCAGAATAGATA	12.355432	-126.354760	0	T:29.0(0.83%),B:2.3(0.01%),P:1e-54	Tpos:279.3,Tstd:188.8,Bpos:278.1,Bstd:125.8,StrandBias:-0.1,Multiplicity:1.00
0.100	0.700	0.100	0.100
0.100	0.700	0.100	0.100
0.700	0.100	0.100	0.100
0.100	0.100	0.700	0.100
0.700	0.100	0.100	0.100
0.700	0.100	0.100	0.100
0.100	0.100	0.100	0.700
0.700	0.100	0.100	0.100
0.100	0.100	0.700	0.100
0.700	0.100	0.100	0.100
0.100	0.100	0.100	0.700
0.700	0.100	0.100	0.100
>ACCACCCAGGAT	23-ACCACCCAGGAT	12.849441	-110.662916	0	T:26.0(0.75%),B:2.9(0.01%),P:1e-48	Tpos:223.3,Tstd:236.8,Bpos:256.1,Bstd:186.2,StrandBias:0.2,Multiplicity:1.00
0.997	0.001	0.001	0.001
0.001	0.997	0.001	0.001
0.001	0.997	0.001	0.001
0.997	0.001	0.001	0.001
0.001	0.997	0.001	0.001
0.001	0.997	0.001	0.001
0.001	0.997	0.001	0.001
0.974	0.024	0.001	0.001
0.001	0.001	0.997	0.001
0.001	0.001	0.974	0.024
0.997	0.001	0.001	0.001
0.001	0.001	0.001	0.997
>CTCCACCTAAAA	24-CTCCACCTAAAA	12.872780	-110.662916	0	T:26.0(0.75%),B:2.3(0.00%),P:1e-48	Tpos:263.0,Tstd:227.1,Bpos:329.6,Bstd:39.8,StrandBias:0.4,Multiplicity:1.00
0.001	0.997	0.001	0.001
0.001	0.001	0.024	0.974
0.001	0.997	0.001	0.001
0.001	0.997	0.001	0.001
0.997	0.001	0.001	0.001
0.001	0.997	0.001	0.001
0.001	0.997	0.001	0.001
0.001	0.001	0.001	0.997
0.997	0.001	0.001	0.001
0.997	0.001	0.001	0.001
0.997	0.001	0.001	0.001
0.997	0.001	0.001	0.001
>YGAAGCCCTTGW	25-YGAAGCCCTTGW	13.892339	-104.981949	0	T:27.0(0.78%),B:3.7(0.01%),P:1e-45	Tpos:230.8,Tstd:135.2,Bpos:212.6,Bstd:175.4,StrandBias:0.1,Multiplicity:1.00
0.001	0.564	0.010	0.425
0.186	0.001	0.812	0.001
0.609	0.187	0.203	0.001
0.997	0.001	0.001	0.001
0.001	0.001	0.997	0.001
0.001	0.997	0.001	0.001
0.001	0.997	0.001	0.001
0.001	0.997	0.001	0.001
0.001	0.001	0.001	0.997
0.001	0.001	0.001	0.997
0.010	0.001	0.609	0.380
0.387	0.222	0.001	0.390
>ATGCRAAT	1-ATGCRAAT	6.961522	-217.028770	0	T:815.0(23.45%),B:5093.4(11.06%),P:1e-94	Tpos:298.8,Tstd:239.6,Bpos:281.3,Bstd:173.7,StrandBias:0.0,Multiplicity:1.26
0.891	0.001	0.040	0.068
0.110	0.035	0.046	0.809
0.043	0.110	0.613	0.234
0.081	0.563	0.112	0.244
0.342	0.014	0.435	0.208
0.898	0.031	0.056	0.015
0.953	0.001	0.015	0.031
0.048	0.040	0.073	0.839
>ACAATGGC	2-ACAATGGC	9.094797	-147.293137	0	T:465.0(13.38%),B:2599.9(5.64%),P:1e-63	Tpos:309.8,Tstd:221.2,Bpos:287.7,Bstd:175.5,StrandBias:-0.1,Multiplicity:1.23
0.997	0.001	0.001	0.001
0.001	0.997	0.001	0.001
0.939	0.001	0.001	0.059
0.997	0.001	0.001	0.001
0.220	0.001	0.001	0.778
0.330	0.001	0.668	0.001
0.001	0.001	0.997	0.001
0.001	0.997	0.001	0.001
>TAGGCGGG	3-TAGGCGGG	7.401761	-109.654630	0	T:697.0(20.05%),B:5278.7(11.46%),P:1e-47	Tpos:419.5,Tstd:317.5,Bpos:279.5,Bstd:172.7,StrandBias:-0.1,Multiplicity:1.32
0.063	0.001	0.001	0.935
0.725	0.055	0.169	0.051
0.001	0.014	0.963	0.022
0.078	0.001	0.920	0.001
0.001	0.743	0.176	0.080
0.001	0.001	0.997	0.001
0.020	0.001	0.978	0.001
0.001	0.028	0.853	0.118
>CCTTTGTT	4-CCTTTGTT	7.874588	-109.507475	0	T:883.0(25.40%),B:7262.9(15.77%),P:1e-47	Tpos:350.6,Tstd:277.5,Bpos:282.8,Bstd:174.5,StrandBias:0.0,Multiplicity:1.20
0.028	0.814	0.119	0.039
0.001	0.800	0.001	0.198
0.116	0.078	0.009	0.797
0.001	0.030	0.001	0.968
0.001	0.001	0.001	0.997
0.064	0.001	0.934	0.001
0.001	0.001	0.001	0.997
0.001	0.119	0.001	0.879
>GCCMCACC	5-GCCMCACC	7.629201	-102.720628	0	T:991.0(28.51%),B:8593.9(18.66%),P:1e-44	Tpos:359.5,Tstd:305.0,Bpos:280.2,Bstd:169.4,StrandBias:0.0,Multiplicity:1.38
0.349	0.001	0.649	0.001
0.001	0.997	0.001	0.001
0.001	0.542	0.155	0.302
0.534	0.464	0.001	0.001
0.001	0.784	0.214	0.001
0.565	0.151	0.280	0.004
0.001	0.997	0.001	0.001
0.001	0.784	0.001	0.214
>TAATTAGT	6-TAATTAGT	10.702597	-98.145422	0	T:150.0(4.32%),B:508.0(1.10%),P:1e-42	Tpos:344.4,Tstd:244.3,Bpos:286.8,Bstd:191.1,StrandBias:-0.1,Multiplicity:1.02
0.001	0.001	0.001	0.997
0.997	0.001	0.001	0.001
0.997	0.001	0.001	0.001
0.001	0.001	0.001	0.997
0.001	0.001	0.001	0.997
0.997	0.001	0.001	0.001
0.001	0.305	0.693	0.001
0.001	0.001	0.001	0.997
>ACATTCCG	7-ACATTCCG	6.753913	-98.108924	0	T:496.0(14.27%),B:3424.7(7.44%),P:1e-42	Tpos:344.8,Tstd:267.9,Bpos:281.5,Bstd:174.1,StrandBias:0.1,Multiplicity:1.09
0.921	0.001	0.077	0.001
0.001	0.997	0.001	0.001
0.997	0.001	0.001	0.001
0.001	0.001	0.001	0.997
0.001	0.001	0.001	0.997
0.001	0.997	0.001	0.001
0.001	0.997	0.001	0.001
0.024	0.001	0.802	0.173
>RCAATASA	8-RCAATASA	6.948284	-94.672499	0	T:460.0(13.23%),B:3121.8(6.78%),P:1e-41	Tpos:332.3,Tstd:236.2,Bpos:284.5,Bstd:176.4,StrandBias:0.1,Multiplicity:1.43
0.459	0.081	0.459	0.001
0.083	0.623	0.293	0.001
0.906	0.001	0.045	0.048
0.611	0.001	0.001	0.387
0.054	0.001	0.001	0.944
0.495	0.193	0.151	0.161
0.001	0.488	0.377	0.134
0.695	0.182	0.001	0.122
>TASTGAAT	9-TASTGAAT	8.394992	-91.060498	0	T:226.0(6.50%),B:1089.7(2.37%),P:1e-39	Tpos:349.6,Tstd:223.6,Bpos:273.4,Bstd:177.9,StrandBias:0.1,Multiplicity:1.50
0.246	0.001	0.157	0.596
0.652	0.001	0.101	0.246
0.001	0.354	0.488	0.157
0.001	0.001	0.326	0.672
0.261	0.001	0.737	0.001
0.997	0.001	0.001	0.001
0.997	0.001	0.001	0.001
0.001	0.001	0.001	0.997
>CCCCTRGT	10-CCCCTRGT	5.925342	-81.966189	0	T:426.0(12.26%),B:2961.5(6.43%),P:1e-35	Tpos:363.9,Tstd:306.2,Bpos:281.2,Bstd:176.7,StrandBias:0.1,Multiplicity:1.12
0.001	0.997	0.001	0.001
0.001	0.595	0.403	0.001
0.001	0.979	0.001	0.019
0.001	0.997	0.001	0.001
0.001	0.001	0.001	0.997
0.513	0.001	0.485	0.001
0.001	0.001	0.997	0.001
0.001	0.001	0.001	0.997
>TGTTCCAA	11-TGTTCCAA	8.236954	-81.009939	0	T:184.0(5.29%),B:839.0(1.82%),P:1e-35	Tpos:352.8,Tstd:280.6,Bpos:280.5,Bstd:170.5,StrandBias:0.1,Multiplicity:1.00
0.100	0.100	0.100	0.700
0.100	0.100	0.700	0.100
0.100	0.100	0.100	0.700
0.100	0.100	0.100	0.700
0.100	0.700	0.100	0.100
0.100	0.700	0.100	0.100
0.700	0.100	0.100	0.100
0.700	0.100	0.100	0.100
>GTTTACCA	12-GTTTACCA	9.530101	-74.139454	0	T:220.0(6.33%),B:1176.0(2.55%),P:1e-32	Tpos:332.4,Tstd:221.9,Bpos:284.6,Bstd:183.5,StrandBias:-0.2,Multiplicity:1.08
0.272	0.001	0.726	0.001
0.001	0.001	0.001	0.997
0.001	0.001	0.001	0.997
0.105	0.001	0.001	0.893
0.997	0.001	0.001	0.001
0.001	0.997	0.001	0.001
0.001	0.878	0.001	0.120
0.997	0.001	0.001	0.001
>GTGTATGG	13-GTGTATGG	8.236954	-69.906582	0	T:145.0(4.17%),B:622.1(1.35%),P:1e-30	Tpos:338.3,Tstd:280.2,Bpos:295.5,Bstd:159.0,StrandBias:0.2,Multiplicity:1.06
0.100	0.100	0.700	0.100
0.100	0.100	0.100	0.700
0.100	0.100	0.700	0.100
0.100	0.100	0.100	0.700
0.700	0.100	0.100	0.100
0.100	0.100	0.100	0.700
0.100	0.100	0.700	0.100
0.100	0.100	0.700	0.100
>TTAGTCTG	14-TTAGTCTG	10.786362	-60.604145	0	T:174.0(5.01%),B:914.3(1.98%),P:1e-26	Tpos:333.4,Tstd:273.8,Bpos:289.0,Bstd:182.5,StrandBias:-0.0,Multiplicity:1.24
0.001	0.001	0.001	0.997
0.001	0.001	0.001	0.997
0.847	0.001	0.151	0.001
0.001	0.001	0.997	0.001
0.001	0.001	0.001	0.997
0.001	0.997	0.001	0.001
0.001	0.001	0.001	0.997
0.001	0.111	0.887	0.001
>ACTTATAA	15-ACTTATAA	8.236954	-54.613324	0	T:109.0(3.14%),B:457.5(0.99%),P:1e-23	Tpos:357.6,Tstd:256.4,Bpos:295.4,Bstd:182.8,StrandBias:-0.2,Multiplicity:1.01
0.700	0.100	0.100	0.100
0.100	0.700	0.100	0.100
0.100	0.100	0.100	0.700
0.100	0.100	0.100	0.700
0.700	0.100	0.100	0.100
0.100	0.100	0.100	0.700
0.700	0.100	0.100	0.100
0.700	0.100	0.100	0.100
>GTAACCTG	16-GTAACCTG	8.142228	-51.540742	0	T:502.0(14.44%),B:4259.6(9.25%),P:1e-22	Tpos:352.2,Tstd:295.0,Bpos:284.0,Bstd:169.9,StrandBias:0.0,Multiplicity:1.15
0.001	0.001	0.997	0.001
0.164	0.001	0.125	0.710
0.997	0.001	0.001	0.001
0.521	0.001	0.335	0.143
0.001	0.997	0.001	0.001
0.001	0.623	0.001	0.375
0.001	0.001	0.001	0.997
0.001	0.001	0.997	0.001
>TTAGAAGC	17-TTAGAAGC	8.236954	-49.064721	0	T:150.0(4.32%),B:817.7(1.78%),P:1e-21	Tpos:320.3,Tstd:241.5,Bpos:287.6,Bstd:186.3,StrandBias:0.4,Multiplicity:1.03
0.100	0.100	0.100	0.700
0.100	0.100	0.100	0.700
0.700	0.100	0.100	0.100
0.100	0.100	0.700	0.100
0.700	0.100	0.100	0.100
0.700	0.100	0.100	0.100
0.100	0.100	0.700	0.100
0.100	0.700	0.100	0.100
>GGGASGCG	18-GGGASGCG	8.300248	-46.316377	0	T:882.0(25.37%),B:8727.7(18.95%),P:1e-20	Tpos:427.6,Tstd:322.8,Bpos:283.7,Bstd:175.3,StrandBias:-0.0,Multiplicity:1.62
0.001	0.126	0.872	0.001
0.085	0.001	0.913	0.001
0.001	0.001	0.943	0.055
0.862	0.001	0.136	0.001
0.090	0.360	0.432	0.117
0.001	0.001	0.997	0.001
0.153	0.625	0.221	0.001
0.001	0.001	0.997	0.001
>AAGGGAGT	19-AAGGGAGT	5.882814	-46.302342	0	T:1029.0(29.60%),B:10491.0(22.78%),P:1e-20	Tpos:357.1,Tstd:282.8,Bpos:282.6,Bstd:174.8,StrandBias:0.1,Multiplicity:1.31
0.833	0.001	0.001	0.165
0.997	0.001	0.001	0.001
0.001	0.001	0.997	0.001
0.001	0.001	0.997	0.001
0.023	0.001	0.975	0.001
0.914	0.084	0.001	0.001
0.347	0.001	0.651	0.001
0.001	0.370	0.001	0.628
>TAAAAGMG	20-TAAAAGMG	6.723355	-45.680827	0	T:653.0(18.79%),B:6079.9(13.20%),P:1e-19	Tpos:329.9,Tstd:295.2,Bpos:278.1,Bstd:176.3,StrandBias:-0.1,Multiplicity:1.21
0.129	0.001	0.075	0.795
0.572	0.036	0.320	0.072
0.631	0.290	0.067	0.012
0.764	0.145	0.001	0.090
0.868	0.001	0.098	0.033
0.060	0.090	0.690	0.160
0.335	0.457	0.207	0.001
0.001	0.086	0.912	0.001
>TTTACTAA	21-TTTACTAA	9.386909	-43.492379	0	T:130.0(3.74%),B:701.1(1.52%),P:1e-18	Tpos:330.1,Tstd:184.6,Bpos:289.6,Bstd:179.0,StrandBias:-0.3,Multiplicity:1.04
0.142	0.001	0.001	0.856
0.001	0.001	0.001	0.997
0.134	0.001	0.001	0.864
0.997	0.001	0.001	0.001
0.001	0.597	0.259	0.143
0.001	0.288	0.001	0.710
0.997	0.001	0.001	0.001
0.586	0.001	0.001	0.412
>GTGTAACT	22-GTGTAACT	8.236954	-37.388354	0	T:100.0(2.88%),B:509.5(1.11%),P:1e-16	Tpos:314.9,Tstd:203.6,Bpos:269.4,Bstd:177.0,StrandBias:-0.5,Multiplicity:1.01
0.100	0.100	0.700	0.100
0.100	0.100	0.100	0.700
0.100	0.100	0.700	0.100
0.100	0.100	0.100	0.700
0.700	0.100	0.100	0.100
0.700	0.100	0.100	0.100
0.100	0.700	0.100	0.100
0.100	0.100	0.100	0.700
>YTCTAGTA	23-YTCTAGTA	8.576998	-31.654193	0	T:136.0(3.91%),B:876.8(1.90%),P:1e-13	Tpos:377.5,Tstd:279.5,Bpos:289.4,Bstd:174.9,StrandBias:-0.3,Multiplicity:1.02
0.001	0.486	0.069	0.444
0.001	0.001	0.001	0.997
0.131	0.634	0.001	0.234
0.296	0.095	0.009	0.600
0.781	0.001	0.025	0.193
0.008	0.161	0.830	0.001
0.001	0.001	0.168	0.830
0.894	0.104	0.001	0.001
>TGDATTCT	24-TGDATTCT	8.392495	-25.197031	0	T:231.0(6.65%),B:1925.7(4.18%),P:1e-10	Tpos:319.2,Tstd:233.0,Bpos:284.9,Bstd:170.1,StrandBias:0.2,Multiplicity:1.20
0.001	0.066	0.001	0.932
0.001	0.249	0.686	0.064
0.301	0.071	0.296	0.332
0.896	0.001	0.001	0.102
0.143	0.001	0.225	0.631
0.001	0.049	0.001	0.949
0.071	0.771	0.157	0.001
0.001	0.039	0.114	0.846
>GATTGGTT	25-GATTGGTT	9.845147	-21.314910	0	T:152.0(4.37%),B:1184.0(2.57%),P:1e-9	Tpos:273.4,Tstd:263.5,Bpos:274.3,Bstd:162.5,StrandBias:-0.1,Multiplicity:1.35
0.001	0.001	0.997	0.001
0.997	0.001	0.001	0.001
0.001	0.001	0.001	0.997
0.001	0.001	0.001	0.997
0.001	0.001	0.997	0.001
0.001	0.001	0.997	0.001
0.294	0.001	0.001	0.704
0.001	0.001	0.001	0.997
