>ATGCRAAT	1-ATGCRAAT	6.961522	-217.028770	0	T:815.0(23.45%),B:5093.4(11.06%),P:1e-94	Tpos:298.8,Tstd:239.6,Bpos:281.3,Bstd:173.7,StrandBias:0.0,Multiplicity:1.26
0.891	0.001	0.040	0.068
0.110	0.035	0.046	0.809
0.043	0.110	0.613	0.234
0.081	0.563	0.112	0.244
0.342	0.014	0.435	0.208
0.898	0.031	0.056	0.015
0.953	0.001	0.015	0.031
0.048	0.040	0.073	0.839
>ACAATGGC	2-ACAATGGC	9.094797	-147.293137	0	T:465.0(13.38%),B:2599.9(5.64%),P:1e-63	Tpos:309.8,Tstd:221.2,Bpos:287.7,Bstd:175.5,StrandBias:-0.1,Multiplicity:1.23
0.997	0.001	0.001	0.001
0.001	0.997	0.001	0.001
0.939	0.001	0.001	0.059
0.997	0.001	0.001	0.001
0.220	0.001	0.001	0.778
0.330	0.001	0.668	0.001
0.001	0.001	0.997	0.001
0.001	0.997	0.001	0.001
>TAGGCGGG	3-TAGGCGGG	7.401761	-109.654630	0	T:697.0(20.05%),B:5278.7(11.46%),P:1e-47	Tpos:419.5,Tstd:317.5,Bpos:279.5,Bstd:172.7,StrandBias:-0.1,Multiplicity:1.32
0.063	0.001	0.001	0.935
0.725	0.055	0.169	0.051
0.001	0.014	0.963	0.022
0.078	0.001	0.920	0.001
0.001	0.743	0.176	0.080
0.001	0.001	0.997	0.001
0.020	0.001	0.978	0.001
0.001	0.028	0.853	0.118
>CCTTTGTT	4-CCTTTGTT	7.874588	-109.507475	0	T:883.0(25.40%),B:7262.9(15.77%),P:1e-47	Tpos:350.6,Tstd:277.5,Bpos:282.8,Bstd:174.5,StrandBias:0.0,Multiplicity:1.20
0.028	0.814	0.119	0.039
0.001	0.800	0.001	0.198
0.116	0.078	0.009	0.797
0.001	0.030	0.001	0.968
0.001	0.001	0.001	0.997
0.064	0.001	0.934	0.001
0.001	0.001	0.001	0.997
0.001	0.119	0.001	0.879
>GCCMCACC	5-GCCMCACC	7.629201	-102.720628	0	T:991.0(28.51%),B:8593.9(18.66%),P:1e-44	Tpos:359.5,Tstd:305.0,Bpos:280.2,Bstd:169.4,StrandBias:0.0,Multiplicity:1.38
0.349	0.001	0.649	0.001
0.001	0.997	0.001	0.001
0.001	0.542	0.155	0.302
0.534	0.464	0.001	0.001
0.001	0.784	0.214	0.001
0.565	0.151	0.280	0.004
0.001	0.997	0.001	0.001
0.001	0.784	0.001	0.214
>TAATTAGT	6-TAATTAGT	10.702597	-98.145422	0	T:150.0(4.32%),B:508.0(1.10%),P:1e-42	Tpos:344.4,Tstd:244.3,Bpos:286.8,Bstd:191.1,StrandBias:-0.1,Multiplicity:1.02
0.001	0.001	0.001	0.997
0.997	0.001	0.001	0.001
0.997	0.001	0.001	0.001
0.001	0.001	0.001	0.997
0.001	0.001	0.001	0.997
0.997	0.001	0.001	0.001
0.001	0.305	0.693	0.001
0.001	0.001	0.001	0.997
>ACATTCCG	7-ACATTCCG	6.753913	-98.108924	0	T:496.0(14.27%),B:3424.7(7.44%),P:1e-42	Tpos:344.8,Tstd:267.9,Bpos:281.5,Bstd:174.1,StrandBias:0.1,Multiplicity:1.09
0.921	0.001	0.077	0.001
0.001	0.997	0.001	0.001
0.997	0.001	0.001	0.001
0.001	0.001	0.001	0.997
0.001	0.001	0.001	0.997
0.001	0.997	0.001	0.001
0.001	0.997	0.001	0.001
0.024	0.001	0.802	0.173
>RCAATASA	8-RCAATASA	6.948284	-94.672499	0	T:460.0(13.23%),B:3121.8(6.78%),P:1e-41	Tpos:332.3,Tstd:236.2,Bpos:284.5,Bstd:176.4,StrandBias:0.1,Multiplicity:1.43
0.459	0.081	0.459	0.001
0.083	0.623	0.293	0.001
0.906	0.001	0.045	0.048
0.611	0.001	0.001	0.387
0.054	0.001	0.001	0.944
0.495	0.193	0.151	0.161
0.001	0.488	0.377	0.134
0.695	0.182	0.001	0.122
>TASTGAAT	9-TASTGAAT	8.394992	-91.060498	0	T:226.0(6.50%),B:1089.7(2.37%),P:1e-39	Tpos:349.6,Tstd:223.6,Bpos:273.4,Bstd:177.9,StrandBias:0.1,Multiplicity:1.50
0.246	0.001	0.157	0.596
0.652	0.001	0.101	0.246
0.001	0.354	0.488	0.157
0.001	0.001	0.326	0.672
0.261	0.001	0.737	0.001
0.997	0.001	0.001	0.001
0.997	0.001	0.001	0.001
0.001	0.001	0.001	0.997
>CCCCTRGT	10-CCCCTRGT	5.925342	-81.966189	0	T:426.0(12.26%),B:2961.5(6.43%),P:1e-35	Tpos:363.9,Tstd:306.2,Bpos:281.2,Bstd:176.7,StrandBias:0.1,Multiplicity:1.12
0.001	0.997	0.001	0.001
0.001	0.595	0.403	0.001
0.001	0.979	0.001	0.019
0.001	0.997	0.001	0.001
0.001	0.001	0.001	0.997
0.513	0.001	0.485	0.001
0.001	0.001	0.997	0.001
0.001	0.001	0.001	0.997
>TGTTCCAA	11-TGTTCCAA	8.236954	-81.009939	0	T:184.0(5.29%),B:839.0(1.82%),P:1e-35	Tpos:352.8,Tstd:280.6,Bpos:280.5,Bstd:170.5,StrandBias:0.1,Multiplicity:1.00
0.100	0.100	0.100	0.700
0.100	0.100	0.700	0.100
0.100	0.100	0.100	0.700
0.100	0.100	0.100	0.700
0.100	0.700	0.100	0.100
0.100	0.700	0.100	0.100
0.700	0.100	0.100	0.100
0.700	0.100	0.100	0.100
>GTTTACCA	12-GTTTACCA	9.530101	-74.139454	0	T:220.0(6.33%),B:1176.0(2.55%),P:1e-32	Tpos:332.4,Tstd:221.9,Bpos:284.6,Bstd:183.5,StrandBias:-0.2,Multiplicity:1.08
0.272	0.001	0.726	0.001
0.001	0.001	0.001	0.997
0.001	0.001	0.001	0.997
0.105	0.001	0.001	0.893
0.997	0.001	0.001	0.001
0.001	0.997	0.001	0.001
0.001	0.878	0.001	0.120
0.997	0.001	0.001	0.001
>GTGTATGG	13-GTGTATGG	8.236954	-69.906582	0	T:145.0(4.17%),B:622.1(1.35%),P:1e-30	Tpos:338.3,Tstd:280.2,Bpos:295.5,Bstd:159.0,StrandBias:0.2,Multiplicity:1.06
0.100	0.100	0.700	0.100
0.100	0.100	0.100	0.700
0.100	0.100	0.700	0.100
0.100	0.100	0.100	0.700
0.700	0.100	0.100	0.100
0.100	0.100	0.100	0.700
0.100	0.100	0.700	0.100
0.100	0.100	0.700	0.100
>TTAGTCTG	14-TTAGTCTG	10.786362	-60.604145	0	T:174.0(5.01%),B:914.3(1.98%),P:1e-26	Tpos:333.4,Tstd:273.8,Bpos:289.0,Bstd:182.5,StrandBias:-0.0,Multiplicity:1.24
0.001	0.001	0.001	0.997
0.001	0.001	0.001	0.997
0.847	0.001	0.151	0.001
0.001	0.001	0.997	0.001
0.001	0.001	0.001	0.997
0.001	0.997	0.001	0.001
0.001	0.001	0.001	0.997
0.001	0.111	0.887	0.001
>ACTTATAA	15-ACTTATAA	8.236954	-54.613324	0	T:109.0(3.14%),B:457.5(0.99%),P:1e-23	Tpos:357.6,Tstd:256.4,Bpos:295.4,Bstd:182.8,StrandBias:-0.2,Multiplicity:1.01
0.700	0.100	0.100	0.100
0.100	0.700	0.100	0.100
0.100	0.100	0.100	0.700
0.100	0.100	0.100	0.700
0.700	0.100	0.100	0.100
0.100	0.100	0.100	0.700
0.700	0.100	0.100	0.100
0.700	0.100	0.100	0.100
>GTAACCTG	16-GTAACCTG	8.142228	-51.540742	0	T:502.0(14.44%),B:4259.6(9.25%),P:1e-22	Tpos:352.2,Tstd:295.0,Bpos:284.0,Bstd:169.9,StrandBias:0.0,Multiplicity:1.15
0.001	0.001	0.997	0.001
0.164	0.001	0.125	0.710
0.997	0.001	0.001	0.001
0.521	0.001	0.335	0.143
0.001	0.997	0.001	0.001
0.001	0.623	0.001	0.375
0.001	0.001	0.001	0.997
0.001	0.001	0.997	0.001
>TTAGAAGC	17-TTAGAAGC	8.236954	-49.064721	0	T:150.0(4.32%),B:817.7(1.78%),P:1e-21	Tpos:320.3,Tstd:241.5,Bpos:287.6,Bstd:186.3,StrandBias:0.4,Multiplicity:1.03
0.100	0.100	0.100	0.700
0.100	0.100	0.100	0.700
0.700	0.100	0.100	0.100
0.100	0.100	0.700	0.100
0.700	0.100	0.100	0.100
0.700	0.100	0.100	0.100
0.100	0.100	0.700	0.100
0.100	0.700	0.100	0.100
>GGGASGCG	18-GGGASGCG	8.300248	-46.316377	0	T:882.0(25.37%),B:8727.7(18.95%),P:1e-20	Tpos:427.6,Tstd:322.8,Bpos:283.7,Bstd:175.3,StrandBias:-0.0,Multiplicity:1.62
0.001	0.126	0.872	0.001
0.085	0.001	0.913	0.001
0.001	0.001	0.943	0.055
0.862	0.001	0.136	0.001
0.090	0.360	0.432	0.117
0.001	0.001	0.997	0.001
0.153	0.625	0.221	0.001
0.001	0.001	0.997	0.001
>AAGGGAGT	19-AAGGGAGT	5.882814	-46.302342	0	T:1029.0(29.60%),B:10491.0(22.78%),P:1e-20	Tpos:357.1,Tstd:282.8,Bpos:282.6,Bstd:174.8,StrandBias:0.1,Multiplicity:1.31
0.833	0.001	0.001	0.165
0.997	0.001	0.001	0.001
0.001	0.001	0.997	0.001
0.001	0.001	0.997	0.001
0.023	0.001	0.975	0.001
0.914	0.084	0.001	0.001
0.347	0.001	0.651	0.001
0.001	0.370	0.001	0.628
>TAAAAGMG	20-TAAAAGMG	6.723355	-45.680827	0	T:653.0(18.79%),B:6079.9(13.20%),P:1e-19	Tpos:329.9,Tstd:295.2,Bpos:278.1,Bstd:176.3,StrandBias:-0.1,Multiplicity:1.21
0.129	0.001	0.075	0.795
0.572	0.036	0.320	0.072
0.631	0.290	0.067	0.012
0.764	0.145	0.001	0.090
0.868	0.001	0.098	0.033
0.060	0.090	0.690	0.160
0.335	0.457	0.207	0.001
0.001	0.086	0.912	0.001
>TTTACTAA	21-TTTACTAA	9.386909	-43.492379	0	T:130.0(3.74%),B:701.1(1.52%),P:1e-18	Tpos:330.1,Tstd:184.6,Bpos:289.6,Bstd:179.0,StrandBias:-0.3,Multiplicity:1.04
0.142	0.001	0.001	0.856
0.001	0.001	0.001	0.997
0.134	0.001	0.001	0.864
0.997	0.001	0.001	0.001
0.001	0.597	0.259	0.143
0.001	0.288	0.001	0.710
0.997	0.001	0.001	0.001
0.586	0.001	0.001	0.412
>GTGTAACT	22-GTGTAACT	8.236954	-37.388354	0	T:100.0(2.88%),B:509.5(1.11%),P:1e-16	Tpos:314.9,Tstd:203.6,Bpos:269.4,Bstd:177.0,StrandBias:-0.5,Multiplicity:1.01
0.100	0.100	0.700	0.100
0.100	0.100	0.100	0.700
0.100	0.100	0.700	0.100
0.100	0.100	0.100	0.700
0.700	0.100	0.100	0.100
0.700	0.100	0.100	0.100
0.100	0.700	0.100	0.100
0.100	0.100	0.100	0.700
>YTCTAGTA	23-YTCTAGTA	8.576998	-31.654193	0	T:136.0(3.91%),B:876.8(1.90%),P:1e-13	Tpos:377.5,Tstd:279.5,Bpos:289.4,Bstd:174.9,StrandBias:-0.3,Multiplicity:1.02
0.001	0.486	0.069	0.444
0.001	0.001	0.001	0.997
0.131	0.634	0.001	0.234
0.296	0.095	0.009	0.600
0.781	0.001	0.025	0.193
0.008	0.161	0.830	0.001
0.001	0.001	0.168	0.830
0.894	0.104	0.001	0.001
>TGDATTCT	24-TGDATTCT	8.392495	-25.197031	0	T:231.0(6.65%),B:1925.7(4.18%),P:1e-10	Tpos:319.2,Tstd:233.0,Bpos:284.9,Bstd:170.1,StrandBias:0.2,Multiplicity:1.20
0.001	0.066	0.001	0.932
0.001	0.249	0.686	0.064
0.301	0.071	0.296	0.332
0.896	0.001	0.001	0.102
0.143	0.001	0.225	0.631
0.001	0.049	0.001	0.949
0.071	0.771	0.157	0.001
0.001	0.039	0.114	0.846
>GATTGGTT	25-GATTGGTT	9.845147	-21.314910	0	T:152.0(4.37%),B:1184.0(2.57%),P:1e-9	Tpos:273.4,Tstd:263.5,Bpos:274.3,Bstd:162.5,StrandBias:-0.1,Multiplicity:1.35
0.001	0.001	0.997	0.001
0.997	0.001	0.001	0.001
0.001	0.001	0.001	0.997
0.001	0.001	0.001	0.997
0.001	0.001	0.997	0.001
0.001	0.001	0.997	0.001
0.294	0.001	0.001	0.704
0.001	0.001	0.001	0.997
