>WTTGTAATGC	1-WTTGTAATGC	12.783713	-344.327161	0	T:150.0(4.32%),B:80.2(0.17%),P:1e-149	Tpos:336.4,Tstd:165.4,Bpos:335.7,Bstd:170.5,StrandBias:-0.1,Multiplicity:1.01
0.425	0.001	0.001	0.573
0.008	0.001	0.001	0.990
0.004	0.001	0.001	0.994
0.029	0.005	0.959	0.007
0.001	0.054	0.001	0.944
0.945	0.016	0.022	0.017
0.997	0.001	0.001	0.001
0.021	0.001	0.001	0.977
0.001	0.001	0.988	0.010
0.001	0.987	0.007	0.005
>ACAATRGCCT	2-ACAATRGCCT	10.971689	-307.415616	0	T:186.0(5.35%),B:196.1(0.43%),P:1e-133	Tpos:328.9,Tstd:185.6,Bpos:268.4,Bstd:161.1,StrandBias:0.2,Multiplicity:1.31
0.997	0.001	0.001	0.001
0.001	0.997	0.001	0.001
0.997	0.001	0.001	0.001
0.821	0.173	0.005	0.001
0.040	0.173	0.001	0.786
0.450	0.005	0.544	0.001
0.001	0.001	0.997	0.001
0.286	0.712	0.001	0.001
0.001	0.933	0.065	0.001
0.079	0.066	0.130	0.725
>AATTTGCATR	3-AATTTGCATR	8.148384	-300.208427	0	T:601.0(17.29%),B:2585.6(5.61%),P:1e-130	Tpos:305.7,Tstd:245.8,Bpos:287.0,Bstd:175.0,StrandBias:0.1,Multiplicity:1.20
0.484	0.315	0.112	0.089
0.842	0.063	0.062	0.033
0.008	0.006	0.011	0.975
0.053	0.316	0.005	0.626
0.298	0.039	0.014	0.649
0.088	0.043	0.775	0.094
0.366	0.609	0.004	0.021
0.980	0.006	0.013	0.001
0.199	0.001	0.010	0.790
0.360	0.176	0.341	0.123
>ATTGTTATGC	4-ATTGTTATGC	7.684383	-277.882701	0	T:602.0(17.32%),B:2732.9(5.93%),P:1e-120	Tpos:306.9,Tstd:237.9,Bpos:283.5,Bstd:176.0,StrandBias:0.2,Multiplicity:1.08
0.686	0.109	0.046	0.159
0.039	0.016	0.013	0.932
0.096	0.017	0.031	0.856
0.049	0.077	0.796	0.078
0.042	0.095	0.016	0.847
0.148	0.093	0.057	0.702
0.747	0.151	0.032	0.070
0.087	0.010	0.028	0.875
0.068	0.033	0.735	0.164
0.016	0.829	0.053	0.102
>TTGGAACACT	5-TTGGAACACT	10.296193	-228.225485	0	T:110.0(3.16%),B:74.6(0.16%),P:1e-99	Tpos:347.2,Tstd:238.1,Bpos:291.3,Bstd:189.5,StrandBias:-0.1,Multiplicity:1.00
0.100	0.100	0.100	0.700
0.100	0.100	0.100	0.700
0.100	0.100	0.700	0.100
0.100	0.100	0.700	0.100
0.700	0.100	0.100	0.100
0.700	0.100	0.100	0.100
0.100	0.700	0.100	0.100
0.700	0.100	0.100	0.100
0.100	0.700	0.100	0.100
0.100	0.100	0.100	0.700
>TACTGAATWS	6-TACTGAATWS	9.998312	-218.541944	0	T:151.0(4.34%),B:199.9(0.43%),P:1e-94	Tpos:356.1,Tstd:217.0,Bpos:262.2,Bstd:177.5,StrandBias:-0.1,Multiplicity:1.50
0.001	0.001	0.001	0.997
0.912	0.001	0.086	0.001
0.001	0.997	0.001	0.001
0.001	0.001	0.001	0.997
0.055	0.001	0.943	0.001
0.924	0.074	0.001	0.001
0.997	0.001	0.001	0.001
0.001	0.001	0.001	0.997
0.465	0.001	0.001	0.533
0.001	0.533	0.465	0.001
>TAYTAKAAGT	7-TAYTAKAAGT	12.400048	-201.682101	0	T:109.0(3.14%),B:93.4(0.20%),P:1e-87	Tpos:353.5,Tstd:233.6,Bpos:296.7,Bstd:179.6,StrandBias:0.3,Multiplicity:1.28
0.001	0.001	0.001	0.997
0.986	0.012	0.001	0.001
0.001	0.489	0.001	0.509
0.001	0.001	0.001	0.997
0.997	0.001	0.001	0.001
0.001	0.001	0.502	0.496
0.997	0.001	0.001	0.001
0.997	0.001	0.001	0.001
0.001	0.009	0.989	0.001
0.001	0.016	0.001	0.982
>GTAAATTCCT	8-GTAAATTCCT	11.386402	-193.735609	0	T:146.0(4.20%),B:220.1(0.48%),P:1e-84	Tpos:328.2,Tstd:177.8,Bpos:293.1,Bstd:192.7,StrandBias:0.2,Multiplicity:1.01
0.001	0.098	0.900	0.001
0.001	0.008	0.001	0.990
0.985	0.001	0.010	0.004
0.997	0.001	0.001	0.001
0.840	0.158	0.001	0.001
0.001	0.001	0.001	0.997
0.185	0.001	0.156	0.658
0.001	0.994	0.002	0.003
0.001	0.958	0.001	0.040
0.009	0.017	0.001	0.973
>MCCCCTRGTG	9-MCCCCTRGTG	11.319770	-187.774474	0	T:150.0(4.32%),B:246.2(0.53%),P:1e-81	Tpos:336.5,Tstd:243.9,Bpos:279.5,Bstd:177.8,StrandBias:0.4,Multiplicity:1.01
0.497	0.501	0.001	0.001
0.001	0.997	0.001	0.001
0.001	0.961	0.037	0.001
0.001	0.953	0.045	0.001
0.001	0.577	0.163	0.259
0.001	0.163	0.001	0.835
0.497	0.001	0.501	0.001
0.020	0.001	0.941	0.038
0.001	0.233	0.001	0.765
0.001	0.001	0.997	0.001
>GCCMCACCYA	10-GCCMCACCYA	8.447872	-176.606134	0	T:961.0(27.65%),B:7037.9(15.28%),P:1e-76	Tpos:347.2,Tstd:284.8,Bpos:278.7,Bstd:168.1,StrandBias:0.1,Multiplicity:1.36
0.135	0.001	0.852	0.012
0.001	0.894	0.001	0.104
0.030	0.637	0.001	0.332
0.513	0.485	0.001	0.001
0.001	0.997	0.001	0.001
0.745	0.001	0.061	0.193
0.001	0.997	0.001	0.001
0.001	0.997	0.001	0.001
0.001	0.523	0.001	0.475
0.625	0.189	0.027	0.159
>ATAGGTGGGT	11-ATAGGTGGGT	11.665638	-149.155238	0	T:96.0(2.76%),B:113.1(0.25%),P:1e-64	Tpos:372.8,Tstd:225.6,Bpos:305.1,Bstd:167.0,StrandBias:0.0,Multiplicity:1.02
0.997	0.001	0.001	0.001
0.001	0.001	0.001	0.997
0.997	0.001	0.001	0.001
0.001	0.001	0.997	0.001
0.001	0.001	0.997	0.001
0.001	0.013	0.143	0.843
0.001	0.001	0.997	0.001
0.001	0.001	0.997	0.001
0.001	0.001	0.997	0.001
0.135	0.001	0.001	0.863
>TTCWAAGATT	12-TTCWAAGATT	10.744498	-134.635567	0	T:139.0(4.00%),B:318.0(0.69%),P:1e-58	Tpos:288.3,Tstd:210.2,Bpos:290.9,Bstd:166.9,StrandBias:-0.1,Multiplicity:1.00
0.124	0.001	0.001	0.874
0.001	0.001	0.001	0.997
0.001	0.976	0.022	0.001
0.487	0.001	0.022	0.490
0.934	0.064	0.001	0.001
0.758	0.044	0.197	0.001
0.001	0.001	0.997	0.001
0.874	0.001	0.124	0.001
0.064	0.001	0.267	0.668
0.001	0.001	0.001	0.997
>AGGGAATMCC	13-AGGGAATMCC	10.936203	-132.879751	0	T:109.0(3.14%),B:186.2(0.40%),P:1e-57	Tpos:334.2,Tstd:164.8,Bpos:288.4,Bstd:178.9,StrandBias:0.1,Multiplicity:1.05
0.587	0.004	0.086	0.323
0.350	0.001	0.648	0.001
0.001	0.001	0.997	0.001
0.001	0.001	0.997	0.001
0.997	0.001	0.001	0.001
0.600	0.001	0.001	0.398
0.001	0.001	0.001	0.997
0.339	0.421	0.001	0.239
0.001	0.997	0.001	0.001
0.001	0.997	0.001	0.001
>KACAATAGCA	14-KACAATAGCA	10.046335	-132.105878	0	T:139.0(4.00%),B:324.2(0.70%),P:1e-57	Tpos:317.8,Tstd:221.1,Bpos:294.4,Bstd:177.6,StrandBias:-0.2,Multiplicity:1.01
0.220	0.029	0.383	0.368
0.948	0.050	0.001	0.001
0.001	0.939	0.031	0.029
0.649	0.001	0.001	0.349
0.900	0.014	0.085	0.001
0.257	0.001	0.001	0.741
0.997	0.001	0.001	0.001
0.041	0.029	0.922	0.008
0.044	0.954	0.001	0.001
0.457	0.175	0.072	0.296
>CATAAAACAG	15-CATAAAACAG	7.792902	-131.751113	0	T:140.0(4.03%),B:330.5(0.72%),P:1e-57	Tpos:293.4,Tstd:191.8,Bpos:275.3,Bstd:177.0,StrandBias:0.3,Multiplicity:1.00
0.001	0.997	0.001	0.001
0.997	0.001	0.001	0.001
0.001	0.001	0.001	0.997
0.979	0.001	0.019	0.001
0.997	0.001	0.001	0.001
0.881	0.001	0.001	0.117
0.997	0.001	0.001	0.001
0.001	0.857	0.141	0.001
0.997	0.001	0.001	0.001
0.001	0.001	0.997	0.001
>ACTTAACTAT	16-ACTTAACTAT	8.670564	-126.832593	0	T:87.0(2.50%),B:114.7(0.25%),P:1e-55	Tpos:334.0,Tstd:261.5,Bpos:288.6,Bstd:181.0,StrandBias:-0.0,Multiplicity:1.01
0.920	0.001	0.078	0.001
0.001	0.997	0.001	0.001
0.001	0.001	0.001	0.997
0.001	0.001	0.001	0.997
0.997	0.001	0.001	0.001
0.925	0.001	0.073	0.001
0.001	0.997	0.001	0.001
0.001	0.001	0.001	0.997
0.997	0.001	0.001	0.001
0.001	0.001	0.001	0.997
>GATAGTATTC	17-GATAGTATTC	8.787951	-125.556943	0	T:104.0(2.99%),B:180.3(0.39%),P:1e-54	Tpos:320.9,Tstd:229.6,Bpos:266.2,Bstd:182.9,StrandBias:0.5,Multiplicity:1.09
0.001	0.001	0.997	0.001
0.997	0.001	0.001	0.001
0.001	0.001	0.001	0.997
0.861	0.001	0.001	0.137
0.001	0.001	0.997	0.001
0.248	0.001	0.001	0.750
0.997	0.001	0.001	0.001
0.045	0.001	0.001	0.953
0.065	0.001	0.001	0.933
0.001	0.997	0.001	0.001
>TTAGTCTGGT	18-TTAGTCTGGT	10.197950	-125.238395	0	T:63.0(1.81%),B:47.2(0.10%),P:1e-54	Tpos:361.5,Tstd:300.5,Bpos:297.2,Bstd:182.2,StrandBias:0.1,Multiplicity:1.00
0.099	0.117	0.001	0.783
0.115	0.084	0.086	0.715
0.750	0.080	0.081	0.089
0.074	0.062	0.735	0.129
0.123	0.052	0.112	0.713
0.392	0.584	0.011	0.013
0.069	0.068	0.077	0.786
0.008	0.089	0.530	0.373
0.280	0.062	0.584	0.074
0.103	0.069	0.009	0.819
>TACGAGTGTA	19-TACGAGTGTA	10.536649	-124.554172	0	T:70.0(2.01%),B:65.7(0.14%),P:1e-54	Tpos:317.2,Tstd:183.1,Bpos:257.4,Bstd:157.8,StrandBias:-0.8,Multiplicity:1.04
0.001	0.001	0.001	0.997
0.997	0.001	0.001	0.001
0.001	0.898	0.001	0.100
0.001	0.001	0.997	0.001
0.630	0.001	0.368	0.001
0.001	0.001	0.997	0.001
0.001	0.001	0.001	0.997
0.001	0.001	0.997	0.001
0.001	0.001	0.001	0.997
0.997	0.001	0.001	0.001
>YATGGATCCA	20-YATGGATCCA	11.014889	-123.589545	0	T:52.0(1.50%),B:26.1(0.06%),P:1e-53	Tpos:334.8,Tstd:282.5,Bpos:311.0,Bstd:155.7,StrandBias:0.7,Multiplicity:1.02
0.001	0.418	0.038	0.543
0.586	0.001	0.412	0.001
0.159	0.166	0.001	0.674
0.038	0.253	0.707	0.002
0.001	0.001	0.876	0.122
0.996	0.001	0.002	0.001
0.002	0.102	0.087	0.809
0.001	0.897	0.101	0.001
0.001	0.723	0.001	0.275
0.835	0.001	0.163	0.001
>TYWGTATTGT	21-TYWGTATTGT	8.283247	-117.931080	0	T:111.0(3.19%),B:227.4(0.49%),P:1e-51	Tpos:374.6,Tstd:310.6,Bpos:290.4,Bstd:174.7,StrandBias:0.2,Multiplicity:1.24
0.001	0.001	0.001	0.997
0.001	0.502	0.001	0.496
0.518	0.001	0.001	0.480
0.001	0.001	0.997	0.001
0.001	0.001	0.001	0.997
0.997	0.001	0.001	0.001
0.001	0.001	0.001	0.997
0.001	0.001	0.001	0.997
0.015	0.001	0.983	0.001
0.001	0.001	0.001	0.997
>ATAGTCCACC	22-ATAGTCCACC	10.296193	-116.440002	0	T:52.0(1.50%),B:30.9(0.07%),P:1e-50	Tpos:264.0,Tstd:172.3,Bpos:306.6,Bstd:135.4,StrandBias:0.1,Multiplicity:1.00
0.700	0.100	0.100	0.100
0.100	0.100	0.100	0.700
0.700	0.100	0.100	0.100
0.100	0.100	0.700	0.100
0.100	0.100	0.100	0.700
0.100	0.700	0.100	0.100
0.100	0.700	0.100	0.100
0.700	0.100	0.100	0.100
0.100	0.700	0.100	0.100
0.100	0.700	0.100	0.100
>TGTATACATT	23-TGTATACATT	12.306651	-99.350356	0	T:73.0(2.10%),B:107.3(0.23%),P:1e-43	Tpos:378.4,Tstd:285.2,Bpos:286.4,Bstd:159.3,StrandBias:0.1,Multiplicity:1.00
0.001	0.007	0.001	0.991
0.001	0.001	0.997	0.001
0.001	0.001	0.001	0.997
0.997	0.001	0.001	0.001
0.001	0.001	0.001	0.997
0.776	0.001	0.222	0.001
0.001	0.989	0.009	0.001
0.997	0.001	0.001	0.001
0.001	0.001	0.001	0.997
0.001	0.011	0.001	0.987
>ACAAGGGAMT	24-ACAAGGGAMT	9.563051	-97.694340	0	T:223.0(6.42%),B:1019.3(2.21%),P:1e-42	Tpos:308.8,Tstd:217.5,Bpos:280.8,Bstd:169.8,StrandBias:0.1,Multiplicity:1.11
0.997	0.001	0.001	0.001
0.090	0.880	0.001	0.029
0.934	0.064	0.001	0.001
0.567	0.403	0.001	0.029
0.162	0.029	0.808	0.001
0.235	0.026	0.738	0.001
0.230	0.001	0.768	0.001
0.997	0.001	0.001	0.001
0.320	0.448	0.231	0.001
0.001	0.001	0.001	0.997
>AAAGTAATTA	25-AAAGTAATTA	10.871603	-73.205912	0	T:83.0(2.39%),B:212.8(0.46%),P:1e-31	Tpos:347.1,Tstd:168.9,Bpos:263.1,Bstd:175.5,StrandBias:-0.3,Multiplicity:1.07
0.615	0.001	0.001	0.383
0.630	0.001	0.001	0.368
0.771	0.227	0.001	0.001
0.001	0.212	0.786	0.001
0.001	0.001	0.001	0.997
0.805	0.193	0.001	0.001
0.997	0.001	0.001	0.001
0.001	0.001	0.001	0.997
0.001	0.001	0.001	0.997
0.997	0.001	0.001	0.001
