>AGTTACTCAGCC	9-AGTTACTCAGCC	7.654651	-149.602575	0	T:449.0(9.84%),B:1789.7(4.00%),P:1e-64
0.788	0.037	0.085	0.090
0.085	0.066	0.739	0.110
0.109	0.079	0.085	0.727
0.095	0.130	0.085	0.690
0.674	0.099	0.111	0.116
0.062	0.788	0.069	0.081
0.106	0.099	0.029	0.766
0.083	0.749	0.090	0.078
0.845	0.025	0.023	0.107
0.084	0.079	0.756	0.081
0.105	0.735	0.071	0.089
0.116	0.742	0.036	0.106
