>TGCGTCATACTT	11-TGCGTCATACTT	7.304295	-110.080876	0	T:701.0(15.36%),B:3885.7(8.68%),P:1e-47
0.031	0.005	0.064	0.900
0.104	0.059	0.761	0.076
0.081	0.536	0.147	0.236
0.179	0.163	0.475	0.182
0.083	0.047	0.087	0.783
0.068	0.839	0.056	0.037
0.808	0.110	0.001	0.081
0.049	0.078	0.074	0.799
0.740	0.081	0.041	0.138
0.064	0.749	0.080	0.107
0.095	0.066	0.009	0.830
0.076	0.088	0.088	0.748
