>YNMGTCATCKBN	8-YNMGTCATCKBN,BestGuess:Atf3/MA0605.1/Jaspar(0.877)	6.155364	-175.223256	0	T:623.0(13.65%),B:2729.7(6.10%),P:1e-76
0.161	0.398	0.181	0.261
0.299	0.219	0.203	0.279
0.363	0.358	0.140	0.140
0.041	0.061	0.798	0.100
0.100	0.140	0.140	0.620
0.180	0.640	0.120	0.060
0.719	0.041	0.159	0.081
0.199	0.100	0.080	0.621
0.100	0.719	0.061	0.120
0.140	0.120	0.298	0.442
0.160	0.322	0.299	0.219
0.260	0.280	0.160	0.300
