>GGAGCCTGCCAG	14-GGAGCCTGCCAG	8.456300	-45.889853	0	T:231.0(5.06%),B:1164.6(2.60%),P:1e-19
0.138	0.068	0.660	0.134
0.136	0.146	0.621	0.097
0.687	0.069	0.123	0.121
0.125	0.108	0.649	0.118
0.127	0.618	0.134	0.121
0.111	0.685	0.075	0.129
0.146	0.064	0.068	0.722
0.078	0.134	0.670	0.118
0.117	0.632	0.134	0.117
0.117	0.692	0.075	0.116
0.706	0.072	0.075	0.147
0.125	0.107	0.659	0.109
