>CGGTTGCCATAG	13-CGGTTGCCATAG	7.685163	-46.662392	0	T:354.0(7.76%),B:2054.0(4.59%),P:1e-20
0.159	0.533	0.160	0.148
0.129	0.056	0.642	0.173
0.049	0.104	0.771	0.076
0.080	0.088	0.054	0.778
0.059	0.021	0.097	0.823
0.051	0.104	0.748	0.097
0.071	0.794	0.043	0.092
0.072	0.849	0.004	0.075
0.830	0.057	0.026	0.087
0.112	0.083	0.118	0.687
0.716	0.048	0.155	0.081
0.070	0.057	0.832	0.041
