>KGATGABGTCAY	6-RTGACVTCATCM	8.048567	-224.124284	0	T:609.0(13.34%),B:2317.7(5.18%),P:1e-97
0.177	0.190	0.373	0.260
0.235	0.161	0.412	0.192
0.412	0.251	0.254	0.083
0.132	0.001	0.001	0.866
0.001	0.096	0.871	0.032
0.919	0.014	0.011	0.056
0.128	0.371	0.271	0.229
0.199	0.243	0.450	0.108
0.019	0.022	0.001	0.958
0.220	0.778	0.001	0.001
0.906	0.001	0.001	0.092
0.001	0.366	0.162	0.470
