>NVMGATGACKNR	8-YNMGTCATCKBN	6.155364	-175.223256	0	T:623.0(13.65%),B:2729.7(6.10%),P:1e-76
0.300	0.160	0.280	0.260
0.219	0.299	0.322	0.160
0.442	0.298	0.120	0.140
0.120	0.061	0.719	0.100
0.621	0.080	0.100	0.199
0.081	0.159	0.041	0.719
0.060	0.120	0.640	0.180
0.620	0.140	0.140	0.100
0.100	0.798	0.061	0.041
0.140	0.140	0.358	0.363
0.279	0.203	0.219	0.299
0.261	0.181	0.398	0.161
