>AGGCAGCCTGCC	16-AGGCAGCCTGCC	9.641311	-39.557305	0	T:147.0(3.22%),B:653.6(1.46%),P:1e-17
0.804	0.035	0.075	0.086
0.044	0.018	0.889	0.049
0.092	0.080	0.801	0.027
0.049	0.890	0.049	0.012
0.868	0.022	0.044	0.066
0.054	0.048	0.820	0.078
0.055	0.806	0.093	0.046
0.075	0.873	0.011	0.041
0.068	0.014	0.066	0.852
0.070	0.122	0.735	0.073
0.053	0.820	0.085	0.042
0.052	0.846	0.034	0.068
