>TCCCTGCCAAAA	15-TCCCTGCCAAAA	9.532381	-39.575363	0	T:143.0(3.13%),B:627.9(1.40%),P:1e-17
0.035	0.025	0.055	0.885
0.040	0.762	0.063	0.135
0.063	0.792	0.007	0.138
0.058	0.860	0.015	0.067
0.103	0.024	0.008	0.865
0.047	0.057	0.824	0.072
0.075	0.816	0.061	0.048
0.047	0.906	0.013	0.034
0.787	0.117	0.001	0.095
0.871	0.050	0.041	0.038
0.823	0.103	0.060	0.014
0.814	0.055	0.066	0.065
