>TGAGTCATGCTA	3-TGAGTCATGCTA	7.914189	-472.290795	0	T:885.0(19.39%),B:2704.8(6.04%),P:1e-205
0.110	0.001	0.086	0.803
0.100	0.116	0.667	0.117
0.893	0.001	0.001	0.105
0.078	0.121	0.721	0.080
0.155	0.024	0.087	0.734
0.117	0.678	0.103	0.102
0.806	0.081	0.001	0.112
0.125	0.001	0.031	0.843
0.010	0.005	0.883	0.102
0.118	0.744	0.001	0.137
0.155	0.135	0.001	0.709
0.547	0.142	0.150	0.161
