>RTGACVTCATCM	6-RTGACVTCATCM,BestGuess:c-Jun-CRE(bZIP)/K562-cJun-ChIP-Seq(GSE31477)/Homer(0.966)	8.048567	-224.124284	0	T:609.0(13.34%),B:2317.7(5.18%),P:1e-97
0.470	0.162	0.366	0.001
0.092	0.001	0.001	0.906
0.001	0.001	0.778	0.220
0.958	0.001	0.022	0.019
0.108	0.450	0.243	0.199
0.229	0.271	0.371	0.128
0.056	0.011	0.014	0.919
0.032	0.871	0.096	0.001
0.866	0.001	0.001	0.132
0.083	0.254	0.251	0.412
0.192	0.412	0.161	0.235
0.260	0.373	0.190	0.177
