>TGTGCGAGTCAC	7-GTGACTCGCACA	9.721045	-191.822412	0	T:214.0(4.69%),B:392.3(0.88%),P:1e-83
0.073	0.001	0.001	0.925
0.001	0.073	0.881	0.045
0.125	0.073	0.075	0.727
0.001	0.146	0.852	0.001
0.113	0.598	0.066	0.223
0.053	0.079	0.712	0.156
0.887	0.037	0.028	0.048
0.015	0.001	0.837	0.147
0.001	0.050	0.059	0.890
0.001	0.821	0.141	0.037
0.834	0.128	0.001	0.037
0.117	0.728	0.154	0.001
