>GARATGWCTCAT	10-ATGAGWCATYTC	9.150526	-144.897861	0	T:194.0(4.25%),B:428.7(0.96%),P:1e-62
0.045	0.150	0.767	0.038
0.644	0.015	0.036	0.305
0.379	0.179	0.339	0.103
0.856	0.067	0.035	0.042
0.144	0.025	0.061	0.770
0.250	0.018	0.441	0.291
0.335	0.234	0.040	0.390
0.046	0.597	0.292	0.065
0.036	0.039	0.032	0.893
0.021	0.533	0.268	0.178
0.561	0.382	0.015	0.042
0.042	0.048	0.031	0.879
