>GTGACTAAGCAH	3-GTGACTAAGCAH	7.255211	-680.657295	0	T:1981.0(30.14%),B:5485.6(12.82%),P:1e-295
0.218	0.221	0.383	0.178
0.098	0.001	0.002	0.899
0.008	0.078	0.835	0.079
0.882	0.017	0.022	0.079
0.012	0.906	0.075	0.007
0.159	0.111	0.001	0.729
0.583	0.209	0.127	0.081
0.822	0.001	0.014	0.163
0.198	0.100	0.695	0.007
0.206	0.718	0.019	0.057
0.623	0.133	0.001	0.243
0.231	0.353	0.199	0.217
