>NDRCATTCCADN	2-NDRCATTCCADN	6.739208	-764.860171	0	T:2373.0(36.10%),B:6941.5(16.22%),P:1e-332
0.256	0.230	0.231	0.283
0.317	0.167	0.203	0.312
0.465	0.052	0.394	0.089
0.210	0.691	0.070	0.029
0.887	0.039	0.018	0.056
0.027	0.044	0.033	0.896
0.104	0.032	0.048	0.816
0.043	0.860	0.048	0.049
0.022	0.929	0.011	0.038
0.668	0.042	0.046	0.244
0.265	0.137	0.342	0.256
0.303	0.197	0.247	0.252
