>AAACCACATTCC	5-AAACCACATTCC	6.760856	-332.042045	0	T:1992.0(30.31%),B:7437.1(17.38%),P:1e-144
0.452	0.187	0.117	0.243
0.503	0.154	0.156	0.187
0.502	0.098	0.267	0.133
0.225	0.584	0.080	0.111
0.217	0.728	0.005	0.050
0.911	0.017	0.007	0.065
0.110	0.728	0.140	0.022
0.961	0.003	0.001	0.035
0.159	0.063	0.238	0.540
0.189	0.096	0.157	0.558
0.055	0.608	0.133	0.204
0.110	0.601	0.019	0.270
