>GCCATAAATCAT	11-ATGATTTATGGC	7.238722	-137.857456	0	T:479.0(7.29%),B:1354.5(3.17%),P:1e-59
0.098	0.080	0.730	0.092
0.101	0.723	0.066	0.110
0.102	0.754	0.022	0.122
0.809	0.087	0.023	0.081
0.081	0.088	0.105	0.726
0.730	0.097	0.080	0.093
0.758	0.099	0.081	0.062
0.718	0.077	0.102	0.103
0.092	0.070	0.075	0.763
0.078	0.746	0.083	0.093
0.792	0.097	0.024	0.087
0.071	0.072	0.104	0.753
