>ATGATTTATGGC	11-ATGATTTATGGC,BestGuess:Hoxc9(Homeobox)/Ainv15-Hoxc9-ChIP-Seq(GSE21812)/Homer(0.919)	7.238722	-137.857456	0	T:479.0(7.29%),B:1354.5(3.17%),P:1e-59
0.753	0.104	0.072	0.071
0.087	0.024	0.097	0.792
0.093	0.083	0.746	0.078
0.763	0.075	0.070	0.092
0.103	0.102	0.077	0.718
0.062	0.081	0.099	0.758
0.093	0.080	0.097	0.730
0.726	0.105	0.088	0.081
0.081	0.023	0.087	0.809
0.122	0.022	0.754	0.102
0.110	0.066	0.723	0.101
0.092	0.730	0.080	0.098
