>TTTGGGCCTTST	16-TTTGGGCCTTST,BestGuess:ZNF675(Zf)/HEK293-ZNF675.GFP-ChIP-Seq(GSE58341)/Homer(0.634)	10.684248	-466.819251	0	T:325.0(11.34%),B:545.0(1.17%),P:1e-202
0.060	0.031	0.090	0.819
0.010	0.030	0.017	0.943
0.056	0.049	0.023	0.872
0.206	0.017	0.638	0.139
0.321	0.118	0.526	0.035
0.353	0.017	0.597	0.033
0.013	0.931	0.022	0.034
0.028	0.929	0.001	0.042
0.086	0.048	0.046	0.820
0.171	0.250	0.001	0.578
0.035	0.469	0.422	0.074
0.309	0.025	0.017	0.649
