>CDGGCAGDTCCC	2-CDGGCAGDTCCC,BestGuess:NFkB-p65(RHD)/GM12787-p65-ChIP-Seq(GSE19485)/Homer(0.646)	9.841316	-762.762371	0	T:417.0(14.55%),B:463.6(0.99%),P:1e-331
0.127	0.513	0.015	0.345
0.337	0.011	0.328	0.324
0.178	0.115	0.680	0.027
0.226	0.001	0.764	0.009
0.018	0.675	0.276	0.031
0.688	0.020	0.044	0.248
0.239	0.011	0.706	0.044
0.343	0.012	0.277	0.369
0.007	0.358	0.032	0.603
0.016	0.549	0.196	0.239
0.013	0.805	0.005	0.177
0.203	0.701	0.081	0.015
