>GACAGSCGGMCA	3-TGKCCGSCTGTC	12.234748	-708.261887	0	T:418.0(14.59%),B:536.3(1.15%),P:1e-307
0.034	0.021	0.906	0.039
0.714	0.242	0.019	0.025
0.030	0.628	0.323	0.019
0.936	0.010	0.014	0.040
0.228	0.020	0.735	0.017
0.041	0.500	0.445	0.014
0.036	0.625	0.023	0.316
0.032	0.034	0.819	0.115
0.022	0.215	0.728	0.035
0.437	0.524	0.022	0.017
0.023	0.938	0.012	0.027
0.948	0.018	0.019	0.015
