>ASAAGGCCCAAA	16-TTTGGGCCTTST	10.684248	-466.819251	0	T:325.0(11.34%),B:545.0(1.17%),P:1e-202
0.649	0.017	0.025	0.309
0.074	0.422	0.469	0.035
0.578	0.001	0.250	0.171
0.820	0.046	0.048	0.086
0.042	0.001	0.929	0.028
0.034	0.022	0.931	0.013
0.033	0.597	0.017	0.353
0.035	0.526	0.118	0.321
0.139	0.638	0.017	0.206
0.872	0.023	0.049	0.056
0.943	0.017	0.030	0.010
0.819	0.090	0.031	0.060
