>GGGAHCTGCCHG	2-CDGGCAGDTCCC	9.841316	-762.762371	0	T:417.0(14.55%),B:463.6(0.99%),P:1e-331
0.015	0.081	0.701	0.203
0.177	0.005	0.805	0.013
0.239	0.196	0.549	0.016
0.603	0.032	0.358	0.007
0.369	0.277	0.012	0.343
0.044	0.706	0.011	0.239
0.248	0.044	0.020	0.688
0.031	0.276	0.675	0.018
0.009	0.764	0.001	0.226
0.027	0.680	0.115	0.178
0.324	0.328	0.011	0.337
0.345	0.015	0.513	0.127
