>TGCGTGGGCCGG	20-CCGGCCCACGCA	10.499100	-393.497828	0	T:299.0(10.44%),B:570.6(1.22%),P:1e-170
0.050	0.028	0.049	0.873
0.054	0.048	0.872	0.026
0.083	0.558	0.288	0.071
0.106	0.112	0.599	0.183
0.075	0.277	0.043	0.605
0.032	0.028	0.850	0.090
0.040	0.022	0.892	0.046
0.128	0.124	0.729	0.019
0.051	0.811	0.109	0.029
0.045	0.851	0.046	0.058
0.123	0.052	0.702	0.123
0.056	0.222	0.660	0.062
