>GATTCTGGGRSG	21-CSYCCCAGAATC	12.472059	-260.321680	0	T:131.0(4.57%),B:119.4(0.26%),P:1e-113
0.030	0.034	0.850	0.086
0.537	0.367	0.001	0.095
0.001	0.002	0.062	0.935
0.028	0.031	0.001	0.940
0.149	0.590	0.252	0.009
0.046	0.001	0.054	0.899
0.131	0.041	0.791	0.037
0.126	0.001	0.872	0.001
0.118	0.026	0.832	0.024
0.487	0.093	0.393	0.028
0.066	0.511	0.422	0.001
0.209	0.001	0.768	0.022
