>CCTAAGTTCCTM	14-CCTAAGTTCCTM	9.350126	-488.221249	0	T:288.0(10.05%),B:362.4(0.78%),P:1e-212
0.260	0.545	0.071	0.124
0.047	0.752	0.115	0.086
0.162	0.067	0.044	0.727
0.540	0.212	0.149	0.099
0.768	0.102	0.081	0.049
0.300	0.070	0.494	0.136
0.048	0.214	0.115	0.623
0.038	0.110	0.248	0.604
0.053	0.766	0.088	0.093
0.068	0.644	0.167	0.121
0.113	0.094	0.186	0.607
0.344	0.382	0.111	0.162
