>GTGGSCGSCTGT	11-GTGGSCGSCTGT	9.322973	-517.839232	0	T:462.0(16.13%),B:1124.4(2.41%),P:1e-224
0.047	0.027	0.883	0.043
0.126	0.315	0.023	0.536
0.167	0.251	0.507	0.075
0.113	0.039	0.762	0.086
0.201	0.409	0.348	0.042
0.030	0.580	0.101	0.289
0.294	0.043	0.568	0.095
0.013	0.449	0.376	0.162
0.081	0.673	0.037	0.209
0.090	0.041	0.005	0.864
0.013	0.057	0.855	0.075
0.036	0.111	0.033	0.820
