>CTGSTGAGWGGM	19-KCCWCTCASCAG	8.871712	-404.652919	0	T:275.0(9.60%),B:440.6(0.95%),P:1e-175
0.084	0.635	0.144	0.137
0.102	0.086	0.051	0.761
0.066	0.065	0.662	0.207
0.110	0.359	0.378	0.153
0.157	0.129	0.007	0.707
0.113	0.233	0.465	0.189
0.459	0.126	0.161	0.255
0.242	0.108	0.512	0.138
0.451	0.047	0.139	0.363
0.228	0.037	0.606	0.129
0.053	0.379	0.561	0.007
0.439	0.411	0.041	0.108
