>CAGMAGCKGTGG	15-CAGMAGCKGTGG	9.938515	-469.013046	0	T:389.0(13.58%),B:850.4(1.82%),P:1e-203
0.010	0.836	0.151	0.003
0.593	0.002	0.011	0.394
0.001	0.174	0.824	0.001
0.471	0.482	0.043	0.004
0.470	0.017	0.265	0.248
0.010	0.136	0.795	0.059
0.198	0.746	0.048	0.008
0.207	0.059	0.307	0.427
0.003	0.201	0.763	0.033
0.221	0.148	0.120	0.511
0.006	0.358	0.520	0.116
0.254	0.007	0.536	0.203
