>CCGGCCCACGCA	20-CCGGCCCACGCA,BestGuess:EGR4/MA0733.1/Jaspar(0.742)	10.499100	-393.497828	0	T:299.0(10.44%),B:570.6(1.22%),P:1e-170
0.062	0.660	0.222	0.056
0.123	0.702	0.052	0.123
0.058	0.046	0.851	0.045
0.029	0.109	0.811	0.051
0.019	0.729	0.124	0.128
0.046	0.892	0.022	0.040
0.090	0.850	0.028	0.032
0.605	0.043	0.277	0.075
0.183	0.599	0.112	0.106
0.071	0.288	0.558	0.083
0.026	0.872	0.048	0.054
0.873	0.049	0.028	0.050
