>GAGAATCGCASA	22-GAGAATCGCASA	9.527852	-242.480803	0	T:195.0(6.81%),B:399.6(0.86%),P:1e-105
0.326	0.006	0.619	0.049
0.535	0.178	0.277	0.010
0.116	0.121	0.560	0.203
0.890	0.067	0.001	0.042
0.566	0.010	0.411	0.013
0.005	0.353	0.001	0.641
0.034	0.676	0.013	0.277
0.293	0.073	0.602	0.032
0.209	0.510	0.259	0.022
0.586	0.288	0.055	0.071
0.024	0.434	0.521	0.021
0.950	0.009	0.010	0.031
