>GGSHGYASCCTC	18-GGSHGYASCCTC	9.900249	-407.353762	0	T:454.0(15.85%),B:1434.2(3.08%),P:1e-176
0.001	0.001	0.815	0.183
0.001	0.001	0.920	0.078
0.079	0.460	0.332	0.129
0.235	0.285	0.106	0.374
0.165	0.001	0.833	0.001
0.001	0.556	0.001	0.442
0.873	0.001	0.011	0.115
0.001	0.424	0.574	0.001
0.001	0.691	0.001	0.307
0.001	0.954	0.037	0.008
0.081	0.036	0.001	0.882
0.005	0.718	0.001	0.276
