>AGGCGGCCTMMB	8-AGGCGGCCTMMB,BestGuess:POL006.1_BREu/Jaspar(0.597)	10.607783	-564.861427	0	T:338.0(11.80%),B:439.5(0.94%),P:1e-245
0.919	0.061	0.015	0.005
0.057	0.002	0.844	0.097
0.015	0.103	0.785	0.097
0.024	0.752	0.005	0.219
0.301	0.162	0.463	0.074
0.081	0.289	0.600	0.030
0.187	0.734	0.035	0.044
0.177	0.726	0.006	0.091
0.140	0.145	0.203	0.512
0.445	0.505	0.023	0.027
0.413	0.552	0.008	0.027
0.100	0.292	0.378	0.230
