>AGGTCGTCTCCC	12-AGGTCGTCTCCC	11.053263	-515.520110	0	T:293.0(10.23%),B:345.0(0.74%),P:1e-223
0.859	0.048	0.043	0.050
0.060	0.041	0.838	0.061
0.038	0.061	0.873	0.028
0.041	0.108	0.129	0.722
0.295	0.448	0.157	0.100
0.281	0.109	0.541	0.069
0.075	0.134	0.072	0.719
0.019	0.876	0.050	0.055
0.069	0.049	0.013	0.869
0.029	0.824	0.085	0.062
0.088	0.794	0.021	0.097
0.039	0.639	0.025	0.297
