>CSYCCCAGAATC	21-CSYCCCAGAATC,BestGuess:ZNF143|STAF(Zf)/CUTLL-ZNF143-ChIP-Seq(GSE29600)/Homer(0.684)	12.472059	-260.321680	0	T:131.0(4.57%),B:119.4(0.26%),P:1e-113
0.022	0.768	0.001	0.209
0.001	0.422	0.511	0.066
0.028	0.393	0.093	0.487
0.024	0.832	0.026	0.118
0.001	0.872	0.001	0.126
0.037	0.791	0.041	0.131
0.899	0.054	0.001	0.046
0.009	0.252	0.590	0.149
0.940	0.001	0.031	0.028
0.935	0.062	0.002	0.001
0.095	0.001	0.367	0.537
0.086	0.850	0.034	0.030
