>GGCGGAAGCACA	9-TGTGCTTCCGCC	10.610667	-555.344281	0	T:388.0(13.54%),B:659.0(1.41%),P:1e-241
0.090	0.052	0.804	0.054
0.054	0.078	0.844	0.024
0.096	0.590	0.173	0.141
0.054	0.227	0.637	0.082
0.078	0.072	0.828	0.022
0.788	0.090	0.071	0.051
0.806	0.024	0.117	0.053
0.049	0.041	0.867	0.043
0.285	0.597	0.057	0.061
0.756	0.099	0.082	0.063
0.071	0.647	0.235	0.047
0.840	0.047	0.041	0.072
