>TGTGCTTCCGCC	9-TGTGCTTCCGCC,BestGuess:POL008.1_DCE_S_I/Jaspar(0.676)	10.610667	-555.344281	0	T:388.0(13.54%),B:659.0(1.41%),P:1e-241
0.072	0.041	0.047	0.840
0.047	0.235	0.647	0.071
0.063	0.082	0.099	0.756
0.061	0.057	0.597	0.285
0.043	0.867	0.041	0.049
0.053	0.117	0.024	0.806
0.051	0.071	0.090	0.788
0.022	0.828	0.072	0.078
0.082	0.637	0.227	0.054
0.141	0.173	0.590	0.096
0.024	0.844	0.078	0.054
0.054	0.804	0.052	0.090
