>KGGTRCAGCCTC	6-KGGTRCAGCCTC	10.997049	-587.599927	0	T:322.0(11.24%),B:354.2(0.76%),P:1e-255
0.113	0.013	0.383	0.491
0.137	0.015	0.698	0.150
0.041	0.035	0.668	0.256
0.024	0.263	0.067	0.646
0.358	0.001	0.470	0.171
0.040	0.831	0.001	0.128
0.575	0.115	0.019	0.291
0.029	0.314	0.622	0.035
0.359	0.606	0.020	0.015
0.028	0.884	0.039	0.049
0.001	0.215	0.001	0.783
0.052	0.910	0.025	0.013
