>TGKCCGSCTGTC	3-TGKCCGSCTGTC,BestGuess:Tlx?(NR)/NPC-H3K4me1-ChIP-Seq(GSE16256)/Homer(0.629)	12.234748	-708.261887	0	T:418.0(14.59%),B:536.3(1.15%),P:1e-307
0.015	0.019	0.018	0.948
0.027	0.012	0.938	0.023
0.017	0.022	0.524	0.437
0.035	0.728	0.215	0.022
0.115	0.819	0.034	0.032
0.316	0.023	0.625	0.036
0.014	0.445	0.500	0.041
0.017	0.735	0.020	0.228
0.040	0.014	0.010	0.936
0.019	0.323	0.628	0.030
0.025	0.019	0.242	0.714
0.039	0.906	0.021	0.034
