>GTGCSCCAGA	1-GTGCSCCAGA	12.983888	-1486.119414	0	T:934.0(35.53%),B:1596.0(3.50%),P:1e-645	Tpos:569.0,Tstd:427.6,Bpos:319.9,Bstd:273.6,StrandBias:0.1,Multiplicity:3.25
0.001	0.001	0.997	0.001
0.001	0.001	0.001	0.997
0.003	0.001	0.995	0.001
0.001	0.991	0.001	0.007
0.031	0.430	0.538	0.001
0.001	0.997	0.001	0.001
0.001	0.997	0.001	0.001
0.997	0.001	0.001	0.001
0.001	0.001	0.997	0.001
0.997	0.001	0.001	0.001
>CCGGGRCTCS	2-CCGGGRCTCS	12.311767	-1439.953729	0	T:928.0(35.30%),B:1651.8(3.62%),P:1e-625	Tpos:572.3,Tstd:460.7,Bpos:323.6,Bstd:248.6,StrandBias:-0.0,Multiplicity:2.31
0.001	0.997	0.001	0.001
0.001	0.997	0.001	0.001
0.001	0.001	0.997	0.001
0.001	0.001	0.997	0.001
0.001	0.001	0.997	0.001
0.532	0.001	0.466	0.001
0.001	0.997	0.001	0.001
0.001	0.001	0.001	0.997
0.001	0.997	0.001	0.001
0.105	0.427	0.466	0.001
>AACAACGGTC	3-AACAACGGTC	6.424340	-1187.162654	0	T:1021.0(38.84%),B:2837.9(6.22%),P:1e-515	Tpos:536.0,Tstd:402.6,Bpos:321.4,Bstd:266.3,StrandBias:0.0,Multiplicity:4.33
0.997	0.001	0.001	0.001
0.711	0.284	0.004	0.001
0.001	0.975	0.001	0.023
0.995	0.001	0.003	0.001
0.710	0.001	0.288	0.001
0.284	0.714	0.001	0.001
0.011	0.001	0.987	0.001
0.001	0.001	0.997	0.001
0.243	0.001	0.001	0.755
0.001	0.995	0.001	0.003
>GGAAYTTAGK	4-GGAAYTTAGK	12.555785	-1122.381880	0	T:550.0(20.92%),B:538.4(1.18%),P:1e-487	Tpos:453.1,Tstd:385.9,Bpos:315.6,Bstd:311.2,StrandBias:0.1,Multiplicity:1.02
0.001	0.003	0.995	0.001
0.001	0.001	0.997	0.001
0.997	0.001	0.001	0.001
0.997	0.001	0.001	0.001
0.001	0.528	0.001	0.470
0.001	0.001	0.001	0.997
0.001	0.001	0.001	0.997
0.997	0.001	0.001	0.001
0.001	0.001	0.997	0.001
0.001	0.001	0.526	0.472
>AAGTTCSGCG	5-AAGTTCSGCG	10.453362	-1099.628082	0	T:732.0(27.84%),B:1317.1(2.89%),P:1e-477	Tpos:584.1,Tstd:434.0,Bpos:315.6,Bstd:277.8,StrandBias:-0.0,Multiplicity:3.04
0.912	0.001	0.086	0.001
0.925	0.001	0.073	0.001
0.001	0.001	0.997	0.001
0.001	0.001	0.001	0.997
0.001	0.001	0.001	0.997
0.001	0.997	0.001	0.001
0.010	0.541	0.424	0.025
0.048	0.009	0.942	0.001
0.001	0.989	0.001	0.009
0.001	0.001	0.997	0.001
>GTGGWMCACA	6-GTGGWMCACA	9.498476	-1073.732889	0	T:727.0(27.65%),B:1344.0(2.95%),P:1e-466	Tpos:559.6,Tstd:465.7,Bpos:317.2,Bstd:237.2,StrandBias:-0.1,Multiplicity:2.48
0.015	0.035	0.944	0.006
0.170	0.002	0.008	0.820
0.010	0.012	0.977	0.001
0.001	0.001	0.997	0.001
0.398	0.001	0.149	0.452
0.354	0.353	0.104	0.189
0.158	0.798	0.029	0.015
0.800	0.188	0.011	0.001
0.150	0.627	0.222	0.001
0.744	0.026	0.001	0.229
>AAATTAGTCT	7-AAATTAGTCT	12.728898	-1007.474087	0	T:655.0(24.91%),B:1116.7(2.45%),P:1e-437	Tpos:518.8,Tstd:372.5,Bpos:318.6,Bstd:302.4,StrandBias:0.1,Multiplicity:3.51
0.997	0.001	0.001	0.001
0.947	0.001	0.001	0.051
0.650	0.001	0.001	0.348
0.001	0.001	0.001	0.997
0.001	0.001	0.001	0.997
0.997	0.001	0.001	0.001
0.001	0.001	0.997	0.001
0.001	0.001	0.001	0.997
0.001	0.997	0.001	0.001
0.001	0.001	0.001	0.997
>TCCGGHCCGG	8-TCCGGHCCGG	12.063013	-993.096361	0	T:721.0(27.42%),B:1483.3(3.25%),P:1e-431	Tpos:582.9,Tstd:430.1,Bpos:316.4,Bstd:273.4,StrandBias:0.0,Multiplicity:2.84
0.001	0.001	0.001	0.997
0.001	0.997	0.001	0.001
0.411	0.587	0.001	0.001
0.001	0.001	0.997	0.001
0.001	0.001	0.997	0.001
0.295	0.412	0.001	0.292
0.001	0.997	0.001	0.001
0.001	0.997	0.001	0.001
0.001	0.001	0.997	0.001
0.001	0.001	0.997	0.001
>CCATCTTGGT	9-CCATCTTGGT	9.278805	-992.107293	0	T:711.0(27.04%),B:1431.0(3.14%),P:1e-430	Tpos:511.8,Tstd:363.3,Bpos:317.6,Bstd:288.9,StrandBias:0.0,Multiplicity:3.26
0.047	0.951	0.001	0.001
0.001	0.997	0.001	0.001
0.997	0.001	0.001	0.001
0.001	0.001	0.001	0.997
0.001	0.997	0.001	0.001
0.001	0.001	0.001	0.997
0.011	0.001	0.105	0.883
0.001	0.001	0.997	0.001
0.001	0.001	0.997	0.001
0.001	0.001	0.001	0.997
>RGCCGGCTAC	10-RGCCGGCTAC	8.370086	-981.806216	0	T:985.0(37.47%),B:3277.8(7.18%),P:1e-426	Tpos:562.5,Tstd:425.0,Bpos:325.6,Bstd:246.4,StrandBias:0.1,Multiplicity:3.11
0.396	0.145	0.441	0.018
0.016	0.163	0.813	0.008
0.063	0.784	0.141	0.012
0.138	0.712	0.122	0.028
0.025	0.002	0.937	0.036
0.066	0.129	0.792	0.013
0.090	0.734	0.159	0.017
0.029	0.143	0.139	0.689
0.461	0.193	0.276	0.070
0.069	0.683	0.084	0.164
>GAACTGCCAA	11-GAACTGCCAA	10.296193	-953.368822	0	T:473.0(17.99%),B:468.2(1.03%),P:1e-414	Tpos:448.4,Tstd:395.0,Bpos:317.8,Bstd:335.4,StrandBias:0.1,Multiplicity:1.00
0.100	0.100	0.700	0.100
0.700	0.100	0.100	0.100
0.700	0.100	0.100	0.100
0.100	0.700	0.100	0.100
0.100	0.100	0.100	0.700
0.100	0.100	0.700	0.100
0.100	0.700	0.100	0.100
0.100	0.700	0.100	0.100
0.700	0.100	0.100	0.100
0.700	0.100	0.100	0.100
>GAAGCACAGA	12-GAAGCACAGA	10.296193	-930.039238	0	T:648.0(24.65%),B:1233.9(2.70%),P:1e-403	Tpos:526.2,Tstd:359.9,Bpos:314.1,Bstd:292.4,StrandBias:0.1,Multiplicity:3.09
0.100	0.100	0.700	0.100
0.700	0.100	0.100	0.100
0.700	0.100	0.100	0.100
0.100	0.100	0.700	0.100
0.100	0.700	0.100	0.100
0.700	0.100	0.100	0.100
0.100	0.700	0.100	0.100
0.700	0.100	0.100	0.100
0.100	0.100	0.700	0.100
0.700	0.100	0.100	0.100
>CAGMAGCKGT	13-CAGMAGCKGT	12.507843	-927.163492	0	T:694.0(26.40%),B:1487.0(3.26%),P:1e-402	Tpos:502.7,Tstd:356.3,Bpos:308.9,Bstd:290.6,StrandBias:-0.1,Multiplicity:2.90
0.001	0.997	0.001	0.001
0.997	0.001	0.001	0.001
0.001	0.001	0.997	0.001
0.514	0.484	0.001	0.001
0.997	0.001	0.001	0.001
0.001	0.001	0.997	0.001
0.001	0.997	0.001	0.001
0.001	0.001	0.484	0.514
0.001	0.001	0.997	0.001
0.001	0.001	0.001	0.997
>CCCGTGTGGA	14-CCCGTGTGGA	7.834640	-917.638587	0	T:886.0(33.70%),B:2762.6(6.05%),P:1e-398	Tpos:580.0,Tstd:451.3,Bpos:320.9,Bstd:240.5,StrandBias:-0.0,Multiplicity:4.72
0.136	0.862	0.001	0.001
0.019	0.977	0.001	0.003
0.001	0.973	0.001	0.025
0.001	0.001	0.997	0.001
0.001	0.001	0.001	0.997
0.001	0.001	0.997	0.001
0.001	0.001	0.420	0.578
0.001	0.001	0.997	0.001
0.001	0.001	0.997	0.001
0.797	0.001	0.201	0.001
>ACAGGTKAGA	15-ACAGGTKAGA	11.103899	-909.086821	0	T:667.0(25.37%),B:1379.8(3.02%),P:1e-394	Tpos:517.7,Tstd:361.5,Bpos:320.4,Bstd:289.7,StrandBias:0.0,Multiplicity:3.13
0.952	0.001	0.001	0.046
0.001	0.810	0.001	0.188
0.548	0.084	0.367	0.001
0.001	0.137	0.834	0.028
0.001	0.001	0.997	0.001
0.205	0.001	0.001	0.793
0.028	0.001	0.517	0.454
0.971	0.027	0.001	0.001
0.028	0.268	0.703	0.001
0.962	0.036	0.001	0.001
>GCGGRCACCT	16-GCGGRCACCT	11.710539	-884.280418	0	T:627.0(23.85%),B:1222.0(2.68%),P:1e-384	Tpos:512.1,Tstd:354.1,Bpos:314.4,Bstd:290.9,StrandBias:-0.1,Multiplicity:2.36
0.012	0.001	0.986	0.001
0.006	0.671	0.001	0.322
0.018	0.001	0.742	0.239
0.001	0.001	0.993	0.005
0.430	0.001	0.568	0.001
0.001	0.981	0.017	0.001
0.997	0.001	0.001	0.001
0.001	0.997	0.001	0.001
0.001	0.754	0.001	0.244
0.001	0.239	0.006	0.754
>CCTTTGBGGG	17-CCTTTGBGGG	10.604102	-849.460159	0	T:720.0(27.39%),B:1844.8(4.04%),P:1e-368	Tpos:555.8,Tstd:445.3,Bpos:316.0,Bstd:234.0,StrandBias:0.1,Multiplicity:2.73
0.001	0.997	0.001	0.001
0.001	0.936	0.001	0.062
0.001	0.389	0.001	0.609
0.001	0.001	0.001	0.997
0.001	0.001	0.293	0.705
0.001	0.001	0.992	0.006
0.001	0.415	0.318	0.266
0.050	0.381	0.568	0.001
0.001	0.001	0.997	0.001
0.001	0.001	0.993	0.005
>CTGCCTMAGC	18-CTGCCTMAGC	11.695548	-750.755426	0	T:667.0(25.37%),B:1798.1(3.94%),P:1e-326	Tpos:528.3,Tstd:364.7,Bpos:315.6,Bstd:281.6,StrandBias:-0.0,Multiplicity:4.45
0.001	0.997	0.001	0.001
0.001	0.001	0.292	0.706
0.001	0.001	0.997	0.001
0.001	0.997	0.001	0.001
0.001	0.997	0.001	0.001
0.209	0.001	0.001	0.789
0.510	0.488	0.001	0.001
0.997	0.001	0.001	0.001
0.001	0.001	0.997	0.001
0.001	0.992	0.001	0.006
>AAGGCCCAAA	19-AAGGCCCAAA	11.295580	-720.834652	0	T:421.0(16.01%),B:569.3(1.25%),P:1e-313	Tpos:445.6,Tstd:416.6,Bpos:301.0,Bstd:314.3,StrandBias:-0.1,Multiplicity:1.00
0.930	0.006	0.004	0.060
0.848	0.048	0.078	0.026
0.035	0.287	0.663	0.015
0.129	0.069	0.570	0.232
0.026	0.552	0.399	0.023
0.014	0.824	0.138	0.024
0.016	0.973	0.007	0.004
0.872	0.054	0.026	0.048
0.851	0.121	0.016	0.012
0.784	0.056	0.138	0.022
>CGGCTGGGRA	20-CGGCTGGGRA	9.402241	-607.574572	0	T:832.0(31.65%),B:3686.8(8.08%),P:1e-263	Tpos:566.2,Tstd:428.0,Bpos:315.6,Bstd:249.5,StrandBias:0.1,Multiplicity:3.40
0.001	0.940	0.001	0.058
0.177	0.082	0.450	0.291
0.002	0.319	0.637	0.042
0.001	0.997	0.001	0.001
0.125	0.060	0.001	0.814
0.001	0.025	0.950	0.024
0.153	0.020	0.826	0.001
0.001	0.323	0.634	0.042
0.387	0.122	0.465	0.026
0.833	0.044	0.122	0.001
>ATTGGDTYGG	21-ATTGGDTYGG	8.367689	-597.951573	0	T:365.0(13.88%),B:529.7(1.16%),P:1e-259	Tpos:591.7,Tstd:481.0,Bpos:318.0,Bstd:225.9,StrandBias:0.0,Multiplicity:3.85
0.645	0.240	0.064	0.051
0.052	0.277	0.239	0.432
0.080	0.025	0.053	0.842
0.063	0.110	0.798	0.029
0.024	0.045	0.729	0.202
0.331	0.146	0.320	0.204
0.022	0.080	0.323	0.575
0.065	0.448	0.050	0.437
0.328	0.113	0.525	0.034
0.019	0.194	0.689	0.098
>CCCTATGTAC	22-CCCTATGTAC	10.296193	-547.617635	0	T:325.0(12.36%),B:445.9(0.98%),P:1e-237	Tpos:613.1,Tstd:496.5,Bpos:325.6,Bstd:225.6,StrandBias:0.0,Multiplicity:4.12
0.100	0.700	0.100	0.100
0.100	0.700	0.100	0.100
0.100	0.700	0.100	0.100
0.100	0.100	0.100	0.700
0.700	0.100	0.100	0.100
0.100	0.100	0.100	0.700
0.100	0.100	0.700	0.100
0.100	0.100	0.100	0.700
0.700	0.100	0.100	0.100
0.100	0.700	0.100	0.100
>CGACTCGAGC	23-CGACTCGAGC	11.909189	-467.563798	0	T:280.0(10.65%),B:387.2(0.85%),P:1e-203	Tpos:620.9,Tstd:502.0,Bpos:325.1,Bstd:220.0,StrandBias:-0.0,Multiplicity:3.49
0.279	0.685	0.001	0.035
0.001	0.067	0.931	0.001
0.997	0.001	0.001	0.001
0.001	0.688	0.310	0.001
0.001	0.001	0.001	0.997
0.001	0.997	0.001	0.001
0.001	0.001	0.997	0.001
0.997	0.001	0.001	0.001
0.001	0.001	0.997	0.001
0.268	0.730	0.001	0.001
>GGAAGGGACT	24-GGAAGGGACT	10.296193	-385.932225	0	T:292.0(11.11%),B:592.8(1.30%),P:1e-167	Tpos:637.4,Tstd:504.2,Bpos:318.2,Bstd:217.8,StrandBias:-0.0,Multiplicity:3.58
0.100	0.100	0.700	0.100
0.100	0.100	0.700	0.100
0.700	0.100	0.100	0.100
0.700	0.100	0.100	0.100
0.100	0.100	0.700	0.100
0.100	0.100	0.700	0.100
0.100	0.100	0.700	0.100
0.700	0.100	0.100	0.100
0.100	0.700	0.100	0.100
0.100	0.100	0.100	0.700
>TTGSSCAASA	25-TTGSSCAASA	11.756463	-359.019468	0	T:310.0(11.79%),B:758.3(1.66%),P:1e-155	Tpos:613.8,Tstd:493.2,Bpos:317.9,Bstd:219.2,StrandBias:0.0,Multiplicity:3.90
0.001	0.001	0.001	0.997
0.001	0.001	0.001	0.997
0.001	0.001	0.997	0.001
0.001	0.499	0.499	0.001
0.001	0.499	0.499	0.001
0.001	0.997	0.001	0.001
0.997	0.001	0.001	0.001
0.997	0.001	0.001	0.001
0.001	0.499	0.499	0.001
0.997	0.001	0.001	0.001
