>GTCCTCTGGTGC	1-GTCCTCTGGTGC	12.890904	-1595.867288	0	T:982.0(37.35%),B:1635.7(3.58%),P:1e-693	Tpos:546.4,Tstd:404.0,Bpos:322.6,Bstd:277.7,StrandBias:-0.0,Multiplicity:4.16
0.001	0.001	0.997	0.001
0.342	0.003	0.001	0.654
0.001	0.607	0.001	0.391
0.001	0.997	0.001	0.001
0.001	0.001	0.001	0.997
0.001	0.996	0.001	0.002
0.001	0.231	0.001	0.767
0.001	0.001	0.997	0.001
0.001	0.003	0.995	0.001
0.001	0.391	0.001	0.607
0.001	0.261	0.737	0.001
0.339	0.634	0.001	0.026
>TYACGGGACYCC	2-TYACGGGACYCC	9.796811	-1497.943124	0	T:912.0(34.69%),B:1467.3(3.22%),P:1e-650	Tpos:574.7,Tstd:456.9,Bpos:323.2,Bstd:252.9,StrandBias:0.0,Multiplicity:2.28
0.061	0.267	0.204	0.467
0.052	0.403	0.035	0.510
0.529	0.273	0.024	0.174
0.109	0.626	0.088	0.177
0.094	0.051	0.822	0.033
0.040	0.076	0.858	0.026
0.095	0.040	0.838	0.027
0.776	0.179	0.023	0.022
0.045	0.764	0.104	0.087
0.050	0.426	0.020	0.504
0.024	0.790	0.028	0.158
0.047	0.516	0.182	0.255
>GCGGAACTTAGG	3-GCGGAACTTAGG	10.515872	-1463.888052	0	T:828.0(31.49%),B:1144.9(2.51%),P:1e-635	Tpos:593.0,Tstd:481.4,Bpos:318.3,Bstd:249.5,StrandBias:0.0,Multiplicity:3.01
0.168	0.104	0.726	0.002
0.167	0.726	0.002	0.105
0.010	0.022	0.966	0.002
0.004	0.001	0.994	0.001
0.539	0.002	0.086	0.373
0.996	0.002	0.001	0.001
0.001	0.995	0.001	0.003
0.375	0.088	0.001	0.536
0.002	0.001	0.001	0.996
0.763	0.001	0.235	0.001
0.231	0.001	0.767	0.001
0.002	0.001	0.994	0.003
>CAGRGTSTTGCC	4-CAGRGTSTTGCC	11.073405	-1433.774962	0	T:964.0(36.67%),B:1853.4(4.06%),P:1e-622	Tpos:561.5,Tstd:419.6,Bpos:317.3,Bstd:272.7,StrandBias:-0.0,Multiplicity:3.32
0.303	0.695	0.001	0.001
0.989	0.001	0.001	0.009
0.001	0.001	0.997	0.001
0.565	0.001	0.433	0.001
0.001	0.127	0.871	0.001
0.001	0.001	0.001	0.997
0.001	0.565	0.433	0.001
0.001	0.420	0.001	0.578
0.001	0.001	0.001	0.997
0.001	0.001	0.997	0.001
0.001	0.997	0.001	0.001
0.001	0.997	0.001	0.001
>GCWRGGKAGSCS	5-GCWRGGKAGSCS	7.085438	-1281.482537	0	T:934.0(35.53%),B:2021.1(4.43%),P:1e-556	Tpos:564.5,Tstd:421.7,Bpos:314.9,Bstd:268.0,StrandBias:0.1,Multiplicity:3.25
0.001	0.001	0.997	0.001
0.001	0.997	0.001	0.001
0.509	0.001	0.001	0.489
0.479	0.001	0.519	0.001
0.001	0.001	0.997	0.001
0.001	0.001	0.997	0.001
0.001	0.001	0.518	0.480
0.997	0.001	0.001	0.001
0.001	0.001	0.997	0.001
0.001	0.478	0.520	0.001
0.001	0.997	0.001	0.001
0.001	0.446	0.552	0.001
>GGYAGCCAYCTT	6-GGYAGCCAYCTT	8.896650	-1268.726901	0	T:1046.0(39.79%),B:2764.6(6.06%),P:1e-550	Tpos:561.2,Tstd:410.2,Bpos:318.3,Bstd:269.6,StrandBias:0.1,Multiplicity:4.48
0.066	0.094	0.770	0.070
0.061	0.257	0.633	0.049
0.099	0.346	0.085	0.471
0.542	0.041	0.365	0.052
0.054	0.052	0.848	0.046
0.125	0.734	0.077	0.064
0.128	0.703	0.040	0.129
0.593	0.143	0.192	0.072
0.047	0.302	0.249	0.401
0.057	0.823	0.062	0.058
0.046	0.071	0.059	0.824
0.055	0.055	0.232	0.658
>HCAGGTGAGAGT	7-HCAGGTGAGAGT	12.441400	-1101.579829	0	T:547.0(20.81%),B:550.6(1.21%),P:1e-478	Tpos:439.8,Tstd:384.3,Bpos:312.3,Bstd:307.8,StrandBias:0.1,Multiplicity:1.01
0.325	0.282	0.015	0.378
0.003	0.636	0.001	0.360
0.442	0.011	0.270	0.277
0.004	0.002	0.986	0.008
0.006	0.063	0.930	0.001
0.002	0.265	0.014	0.719
0.002	0.003	0.987	0.008
0.956	0.001	0.025	0.018
0.021	0.023	0.943	0.013
0.966	0.007	0.001	0.026
0.004	0.004	0.990	0.002
0.186	0.247	0.120	0.447
>TGYTGCTTWGGC	8-TGYTGCTTWGGC	12.065802	-1034.329678	0	T:696.0(26.47%),B:1265.5(2.77%),P:1e-449	Tpos:499.1,Tstd:377.4,Bpos:317.9,Bstd:298.0,StrandBias:-0.0,Multiplicity:2.79
0.001	0.001	0.122	0.876
0.109	0.001	0.889	0.001
0.001	0.471	0.001	0.527
0.023	0.001	0.299	0.677
0.046	0.001	0.952	0.001
0.001	0.997	0.001	0.001
0.198	0.231	0.001	0.570
0.001	0.198	0.238	0.563
0.440	0.227	0.001	0.332
0.218	0.001	0.780	0.001
0.001	0.001	0.997	0.001
0.001	0.947	0.001	0.051
>GGARTCCTGTGT	9-GGARTCCTGTGT	10.652399	-1031.910516	0	T:664.0(25.26%),B:1114.3(2.44%),P:1e-448	Tpos:570.0,Tstd:476.3,Bpos:316.1,Bstd:248.2,StrandBias:0.0,Multiplicity:2.62
0.375	0.001	0.623	0.001
0.202	0.001	0.796	0.001
0.642	0.001	0.356	0.001
0.436	0.001	0.562	0.001
0.001	0.001	0.001	0.997
0.001	0.997	0.001	0.001
0.001	0.997	0.001	0.001
0.001	0.205	0.001	0.793
0.001	0.001	0.997	0.001
0.001	0.001	0.001	0.997
0.001	0.001	0.641	0.357
0.001	0.001	0.001	0.997
>TCAGACTAATTT	10-TCAGACTAATTT	11.560870	-1022.320703	0	T:655.0(24.91%),B:1089.1(2.39%),P:1e-443	Tpos:513.7,Tstd:372.3,Bpos:320.6,Bstd:301.6,StrandBias:-0.1,Multiplicity:3.61
0.001	0.001	0.353	0.645
0.001	0.997	0.001	0.001
0.997	0.001	0.001	0.001
0.001	0.001	0.997	0.001
0.997	0.001	0.001	0.001
0.001	0.997	0.001	0.001
0.001	0.001	0.001	0.997
0.997	0.001	0.001	0.001
0.997	0.001	0.001	0.001
0.350	0.001	0.001	0.648
0.052	0.001	0.001	0.946
0.001	0.001	0.001	0.997
>CTGACAGCTTCT	11-CTGACAGCTTCT	12.988395	-978.671596	0	T:650.0(24.72%),B:1146.6(2.51%),P:1e-425	Tpos:510.9,Tstd:360.0,Bpos:312.0,Bstd:299.8,StrandBias:0.0,Multiplicity:3.45
0.001	0.997	0.001	0.001
0.034	0.005	0.253	0.708
0.001	0.001	0.997	0.001
0.885	0.001	0.001	0.113
0.001	0.997	0.001	0.001
0.997	0.001	0.001	0.001
0.001	0.001	0.997	0.001
0.001	0.997	0.001	0.001
0.001	0.108	0.001	0.890
0.001	0.001	0.001	0.997
0.001	0.997	0.001	0.001
0.001	0.001	0.001	0.997
>TCAGAGSYTCTG	12-TCAGAGSYTCTG	11.325236	-977.552463	0	T:720.0(27.39%),B:1513.7(3.32%),P:1e-424	Tpos:518.4,Tstd:367.2,Bpos:315.6,Bstd:280.8,StrandBias:-0.0,Multiplicity:2.42
0.307	0.004	0.029	0.660
0.002	0.838	0.157	0.003
0.639	0.006	0.001	0.354
0.125	0.125	0.749	0.001
0.521	0.258	0.002	0.219
0.051	0.073	0.872	0.004
0.019	0.520	0.413	0.048
0.008	0.467	0.004	0.521
0.010	0.141	0.190	0.659
0.001	0.988	0.002	0.009
0.054	0.275	0.001	0.670
0.001	0.010	0.986	0.003
>AGKTSRGMGGGT	13-AGKTSRGMGGGT	10.313851	-968.398150	0	T:648.0(24.65%),B:1156.9(2.54%),P:1e-420	Tpos:545.5,Tstd:367.2,Bpos:318.2,Bstd:296.8,StrandBias:-0.0,Multiplicity:4.89
0.997	0.001	0.001	0.001
0.001	0.001	0.997	0.001
0.001	0.001	0.530	0.468
0.001	0.001	0.001	0.997
0.001	0.463	0.524	0.012
0.544	0.001	0.454	0.001
0.001	0.001	0.997	0.001
0.532	0.466	0.001	0.001
0.001	0.001	0.997	0.001
0.001	0.001	0.997	0.001
0.001	0.001	0.997	0.001
0.001	0.001	0.001	0.997
>RCCTAAGCCWCA	14-RCCTAAGCCWCA	11.087457	-931.678795	0	T:631.0(24.00%),B:1144.6(2.51%),P:1e-404	Tpos:517.9,Tstd:364.3,Bpos:306.6,Bstd:276.8,StrandBias:0.2,Multiplicity:1.57
0.417	0.011	0.550	0.022
0.298	0.532	0.001	0.169
0.247	0.708	0.024	0.021
0.245	0.007	0.112	0.636
0.586	0.276	0.113	0.025
0.777	0.001	0.204	0.018
0.045	0.001	0.729	0.225
0.024	0.778	0.013	0.185
0.138	0.848	0.001	0.013
0.523	0.015	0.001	0.461
0.001	0.788	0.036	0.175
0.789	0.186	0.024	0.001
>CGGGTGGGCACC	15-CGGGTGGGCACC	11.703693	-927.562580	0	T:653.0(24.84%),B:1264.6(2.77%),P:1e-402	Tpos:525.6,Tstd:361.5,Bpos:315.8,Bstd:291.0,StrandBias:-0.0,Multiplicity:3.10
0.009	0.915	0.005	0.071
0.149	0.002	0.846	0.003
0.002	0.001	0.990	0.007
0.035	0.001	0.963	0.001
0.003	0.299	0.012	0.686
0.120	0.001	0.878	0.001
0.009	0.012	0.977	0.002
0.244	0.001	0.747	0.008
0.008	0.987	0.001	0.004
0.913	0.085	0.001	0.001
0.004	0.993	0.001	0.002
0.004	0.991	0.001	0.004
>GGGCCGRGGACA	16-GGGCCGRGGACA	12.061304	-831.589916	0	T:613.0(23.32%),B:1263.5(2.77%),P:1e-361	Tpos:545.1,Tstd:370.5,Bpos:317.0,Bstd:292.1,StrandBias:0.1,Multiplicity:4.64
0.001	0.001	0.997	0.001
0.348	0.001	0.650	0.001
0.001	0.348	0.650	0.001
0.001	0.997	0.001	0.001
0.001	0.649	0.349	0.001
0.001	0.001	0.997	0.001
0.349	0.197	0.453	0.001
0.195	0.001	0.803	0.001
0.001	0.001	0.997	0.001
0.997	0.001	0.001	0.001
0.001	0.997	0.001	0.001
0.997	0.001	0.001	0.001
>ACAGGCGGVAGC	17-ACAGGCGGVAGC	10.337441	-762.223348	0	T:696.0(26.47%),B:1953.4(4.28%),P:1e-331	Tpos:550.5,Tstd:367.1,Bpos:321.3,Bstd:268.8,StrandBias:0.0,Multiplicity:3.57
0.602	0.057	0.292	0.049
0.027	0.884	0.035	0.054
0.601	0.287	0.069	0.043
0.040	0.040	0.909	0.011
0.038	0.040	0.892	0.030
0.031	0.895	0.041	0.033
0.071	0.031	0.849	0.049
0.050	0.290	0.632	0.028
0.381	0.295	0.296	0.028
0.609	0.068	0.290	0.033
0.065	0.042	0.845	0.048
0.018	0.901	0.040	0.041
>CCGGCCACCRTC	18-CCGGCCACCRTC	12.181392	-730.042901	0	T:469.0(17.84%),B:757.0(1.66%),P:1e-317	Tpos:473.3,Tstd:334.0,Bpos:325.0,Bstd:276.5,StrandBias:0.0,Multiplicity:2.07
0.001	0.622	0.376	0.001
0.001	0.994	0.004	0.001
0.069	0.001	0.929	0.001
0.005	0.001	0.993	0.001
0.001	0.622	0.001	0.376
0.001	0.997	0.001	0.001
0.997	0.001	0.001	0.001
0.005	0.993	0.001	0.001
0.001	0.978	0.001	0.020
0.460	0.001	0.538	0.001
0.001	0.001	0.001	0.997
0.001	0.997	0.001	0.001
>ACTGTGTTCCAC	19-ACTGTGTTCCAC	12.639131	-701.705575	0	T:470.0(17.88%),B:812.6(1.78%),P:1e-304	Tpos:584.0,Tstd:454.2,Bpos:322.2,Bstd:227.9,StrandBias:0.0,Multiplicity:3.71
0.544	0.002	0.287	0.167
0.001	0.997	0.001	0.001
0.049	0.001	0.001	0.949
0.001	0.001	0.997	0.001
0.028	0.001	0.049	0.922
0.246	0.001	0.752	0.001
0.301	0.001	0.159	0.539
0.001	0.001	0.001	0.997
0.001	0.997	0.001	0.001
0.001	0.997	0.001	0.001
0.997	0.001	0.001	0.001
0.032	0.966	0.001	0.001
>TCTKCGAMCCTG	20-TCTKCGAMCCTG	9.033833	-550.144266	0	T:605.0(23.01%),B:2073.2(4.54%),P:1e-238	Tpos:480.2,Tstd:397.3,Bpos:311.4,Bstd:255.4,StrandBias:0.1,Multiplicity:2.18
0.001	0.001	0.004	0.994
0.012	0.925	0.006	0.057
0.230	0.059	0.014	0.697
0.056	0.006	0.543	0.395
0.008	0.727	0.242	0.023
0.285	0.001	0.617	0.097
0.504	0.251	0.200	0.045
0.441	0.508	0.010	0.041
0.004	0.731	0.031	0.234
0.315	0.625	0.046	0.014
0.040	0.118	0.346	0.497
0.010	0.200	0.567	0.223
>GGTCCCKTGYGG	21-GGTCCCKTGYGG	13.241478	-524.790765	0	T:325.0(12.36%),B:480.3(1.05%),P:1e-227	Tpos:587.2,Tstd:481.7,Bpos:322.2,Bstd:226.8,StrandBias:0.0,Multiplicity:4.16
0.379	0.001	0.617	0.003
0.082	0.003	0.914	0.001
0.239	0.001	0.264	0.496
0.001	0.997	0.001	0.001
0.001	0.997	0.001	0.001
0.001	0.992	0.002	0.005
0.005	0.001	0.492	0.502
0.001	0.001	0.001	0.997
0.001	0.001	0.997	0.001
0.003	0.516	0.098	0.383
0.008	0.002	0.988	0.002
0.004	0.002	0.993	0.001
>TGCCCCAATCCA	22-TGCCCCAATCCA	13.646825	-523.956805	0	T:311.0(11.83%),B:425.6(0.93%),P:1e-227	Tpos:605.3,Tstd:482.9,Bpos:317.4,Bstd:220.6,StrandBias:-0.0,Multiplicity:3.80
0.027	0.001	0.001	0.971
0.001	0.001	0.997	0.001
0.001	0.924	0.001	0.074
0.001	0.992	0.001	0.006
0.180	0.818	0.001	0.001
0.001	0.997	0.001	0.001
0.645	0.001	0.001	0.353
0.640	0.001	0.358	0.001
0.359	0.001	0.001	0.639
0.001	0.639	0.001	0.359
0.007	0.639	0.353	0.001
0.646	0.001	0.352	0.001
>CAAGTCCCTTCC	23-CAAGTCCCTTCC	10.401339	-513.394262	0	T:349.0(13.28%),B:605.2(1.33%),P:1e-222	Tpos:604.3,Tstd:486.4,Bpos:322.8,Bstd:224.0,StrandBias:0.0,Multiplicity:3.74
0.045	0.953	0.001	0.001
0.997	0.001	0.001	0.001
0.997	0.001	0.001	0.001
0.128	0.001	0.870	0.001
0.001	0.246	0.001	0.752
0.001	0.997	0.001	0.001
0.001	0.997	0.001	0.001
0.001	0.997	0.001	0.001
0.001	0.001	0.001	0.997
0.001	0.001	0.001	0.997
0.001	0.982	0.001	0.016
0.010	0.988	0.001	0.001
>CTCGAGTCGAGA	24-CTCGAGTCGAGA	13.182684	-494.048674	0	T:282.0(10.73%),B:357.0(0.78%),P:1e-214	Tpos:640.0,Tstd:514.0,Bpos:327.4,Bstd:224.0,StrandBias:-0.0,Multiplicity:4.68
0.001	0.995	0.003	0.001
0.001	0.001	0.001	0.997
0.001	0.995	0.001	0.003
0.002	0.002	0.995	0.001
0.997	0.001	0.001	0.001
0.001	0.326	0.672	0.001
0.302	0.008	0.001	0.689
0.001	0.997	0.001	0.001
0.005	0.004	0.668	0.323
0.627	0.330	0.007	0.036
0.004	0.001	0.994	0.001
0.661	0.315	0.004	0.020
>TGATCTGGTGCA	25-TGATCTGGTGCA	9.436797	-462.029347	0	T:312.0(11.87%),B:532.4(1.17%),P:1e-200	Tpos:618.3,Tstd:496.8,Bpos:317.6,Bstd:220.7,StrandBias:-0.0,Multiplicity:4.12
0.238	0.001	0.001	0.760
0.003	0.001	0.995	0.001
0.997	0.001	0.001	0.001
0.001	0.001	0.001	0.997
0.001	0.997	0.001	0.001
0.238	0.001	0.001	0.760
0.236	0.001	0.762	0.001
0.001	0.001	0.997	0.001
0.001	0.238	0.003	0.758
0.001	0.238	0.760	0.001
0.001	0.997	0.001	0.001
0.760	0.001	0.238	0.001
