>GTGCSCCAGA	1-GTGCSCCAGA	12.983888	-1486.119414	0	T:934.0(35.53%),B:1596.0(3.50%),P:1e-645	Tpos:569.0,Tstd:427.6,Bpos:319.9,Bstd:273.6,StrandBias:0.1,Multiplicity:3.25
0.001	0.001	0.997	0.001
0.001	0.001	0.001	0.997
0.003	0.001	0.995	0.001
0.001	0.991	0.001	0.007
0.031	0.430	0.538	0.001
0.001	0.997	0.001	0.001
0.001	0.997	0.001	0.001
0.997	0.001	0.001	0.001
0.001	0.001	0.997	0.001
0.997	0.001	0.001	0.001
>CCGGGRCTCS	2-CCGGGRCTCS	12.311767	-1439.953729	0	T:928.0(35.30%),B:1651.8(3.62%),P:1e-625	Tpos:572.3,Tstd:460.7,Bpos:323.6,Bstd:248.6,StrandBias:-0.0,Multiplicity:2.31
0.001	0.997	0.001	0.001
0.001	0.997	0.001	0.001
0.001	0.001	0.997	0.001
0.001	0.001	0.997	0.001
0.001	0.001	0.997	0.001
0.532	0.001	0.466	0.001
0.001	0.997	0.001	0.001
0.001	0.001	0.001	0.997
0.001	0.997	0.001	0.001
0.105	0.427	0.466	0.001
>AACAACGGTC	3-AACAACGGTC	6.424340	-1187.162654	0	T:1021.0(38.84%),B:2837.9(6.22%),P:1e-515	Tpos:536.0,Tstd:402.6,Bpos:321.4,Bstd:266.3,StrandBias:0.0,Multiplicity:4.33
0.997	0.001	0.001	0.001
0.711	0.284	0.004	0.001
0.001	0.975	0.001	0.023
0.995	0.001	0.003	0.001
0.710	0.001	0.288	0.001
0.284	0.714	0.001	0.001
0.011	0.001	0.987	0.001
0.001	0.001	0.997	0.001
0.243	0.001	0.001	0.755
0.001	0.995	0.001	0.003
>GGAAYTTAGK	4-GGAAYTTAGK	12.555785	-1122.381880	0	T:550.0(20.92%),B:538.4(1.18%),P:1e-487	Tpos:453.1,Tstd:385.9,Bpos:315.6,Bstd:311.2,StrandBias:0.1,Multiplicity:1.02
0.001	0.003	0.995	0.001
0.001	0.001	0.997	0.001
0.997	0.001	0.001	0.001
0.997	0.001	0.001	0.001
0.001	0.528	0.001	0.470
0.001	0.001	0.001	0.997
0.001	0.001	0.001	0.997
0.997	0.001	0.001	0.001
0.001	0.001	0.997	0.001
0.001	0.001	0.526	0.472
>AAGTTCSGCG	5-AAGTTCSGCG	10.453362	-1099.628082	0	T:732.0(27.84%),B:1317.1(2.89%),P:1e-477	Tpos:584.1,Tstd:434.0,Bpos:315.6,Bstd:277.8,StrandBias:-0.0,Multiplicity:3.04
0.912	0.001	0.086	0.001
0.925	0.001	0.073	0.001
0.001	0.001	0.997	0.001
0.001	0.001	0.001	0.997
0.001	0.001	0.001	0.997
0.001	0.997	0.001	0.001
0.010	0.541	0.424	0.025
0.048	0.009	0.942	0.001
0.001	0.989	0.001	0.009
0.001	0.001	0.997	0.001
>GTGGWMCACA	6-GTGGWMCACA	9.498476	-1073.732889	0	T:727.0(27.65%),B:1344.0(2.95%),P:1e-466	Tpos:559.6,Tstd:465.7,Bpos:317.2,Bstd:237.2,StrandBias:-0.1,Multiplicity:2.48
0.015	0.035	0.944	0.006
0.170	0.002	0.008	0.820
0.010	0.012	0.977	0.001
0.001	0.001	0.997	0.001
0.398	0.001	0.149	0.452
0.354	0.353	0.104	0.189
0.158	0.798	0.029	0.015
0.800	0.188	0.011	0.001
0.150	0.627	0.222	0.001
0.744	0.026	0.001	0.229
>AAATTAGTCT	7-AAATTAGTCT	12.728898	-1007.474087	0	T:655.0(24.91%),B:1116.7(2.45%),P:1e-437	Tpos:518.8,Tstd:372.5,Bpos:318.6,Bstd:302.4,StrandBias:0.1,Multiplicity:3.51
0.997	0.001	0.001	0.001
0.947	0.001	0.001	0.051
0.650	0.001	0.001	0.348
0.001	0.001	0.001	0.997
0.001	0.001	0.001	0.997
0.997	0.001	0.001	0.001
0.001	0.001	0.997	0.001
0.001	0.001	0.001	0.997
0.001	0.997	0.001	0.001
0.001	0.001	0.001	0.997
>TCCGGHCCGG	8-TCCGGHCCGG	12.063013	-993.096361	0	T:721.0(27.42%),B:1483.3(3.25%),P:1e-431	Tpos:582.9,Tstd:430.1,Bpos:316.4,Bstd:273.4,StrandBias:0.0,Multiplicity:2.84
0.001	0.001	0.001	0.997
0.001	0.997	0.001	0.001
0.411	0.587	0.001	0.001
0.001	0.001	0.997	0.001
0.001	0.001	0.997	0.001
0.295	0.412	0.001	0.292
0.001	0.997	0.001	0.001
0.001	0.997	0.001	0.001
0.001	0.001	0.997	0.001
0.001	0.001	0.997	0.001
>CCATCTTGGT	9-CCATCTTGGT	9.278805	-992.107293	0	T:711.0(27.04%),B:1431.0(3.14%),P:1e-430	Tpos:511.8,Tstd:363.3,Bpos:317.6,Bstd:288.9,StrandBias:0.0,Multiplicity:3.26
0.047	0.951	0.001	0.001
0.001	0.997	0.001	0.001
0.997	0.001	0.001	0.001
0.001	0.001	0.001	0.997
0.001	0.997	0.001	0.001
0.001	0.001	0.001	0.997
0.011	0.001	0.105	0.883
0.001	0.001	0.997	0.001
0.001	0.001	0.997	0.001
0.001	0.001	0.001	0.997
>RGCCGGCTAC	10-RGCCGGCTAC	8.370086	-981.806216	0	T:985.0(37.47%),B:3277.8(7.18%),P:1e-426	Tpos:562.5,Tstd:425.0,Bpos:325.6,Bstd:246.4,StrandBias:0.1,Multiplicity:3.11
0.396	0.145	0.441	0.018
0.016	0.163	0.813	0.008
0.063	0.784	0.141	0.012
0.138	0.712	0.122	0.028
0.025	0.002	0.937	0.036
0.066	0.129	0.792	0.013
0.090	0.734	0.159	0.017
0.029	0.143	0.139	0.689
0.461	0.193	0.276	0.070
0.069	0.683	0.084	0.164
>GAACTGCCAA	11-GAACTGCCAA	10.296193	-953.368822	0	T:473.0(17.99%),B:468.2(1.03%),P:1e-414	Tpos:448.4,Tstd:395.0,Bpos:317.8,Bstd:335.4,StrandBias:0.1,Multiplicity:1.00
0.100	0.100	0.700	0.100
0.700	0.100	0.100	0.100
0.700	0.100	0.100	0.100
0.100	0.700	0.100	0.100
0.100	0.100	0.100	0.700
0.100	0.100	0.700	0.100
0.100	0.700	0.100	0.100
0.100	0.700	0.100	0.100
0.700	0.100	0.100	0.100
0.700	0.100	0.100	0.100
>GAAGCACAGA	12-GAAGCACAGA	10.296193	-930.039238	0	T:648.0(24.65%),B:1233.9(2.70%),P:1e-403	Tpos:526.2,Tstd:359.9,Bpos:314.1,Bstd:292.4,StrandBias:0.1,Multiplicity:3.09
0.100	0.100	0.700	0.100
0.700	0.100	0.100	0.100
0.700	0.100	0.100	0.100
0.100	0.100	0.700	0.100
0.100	0.700	0.100	0.100
0.700	0.100	0.100	0.100
0.100	0.700	0.100	0.100
0.700	0.100	0.100	0.100
0.100	0.100	0.700	0.100
0.700	0.100	0.100	0.100
>CAGMAGCKGT	13-CAGMAGCKGT	12.507843	-927.163492	0	T:694.0(26.40%),B:1487.0(3.26%),P:1e-402	Tpos:502.7,Tstd:356.3,Bpos:308.9,Bstd:290.6,StrandBias:-0.1,Multiplicity:2.90
0.001	0.997	0.001	0.001
0.997	0.001	0.001	0.001
0.001	0.001	0.997	0.001
0.514	0.484	0.001	0.001
0.997	0.001	0.001	0.001
0.001	0.001	0.997	0.001
0.001	0.997	0.001	0.001
0.001	0.001	0.484	0.514
0.001	0.001	0.997	0.001
0.001	0.001	0.001	0.997
>CCCGTGTGGA	14-CCCGTGTGGA	7.834640	-917.638587	0	T:886.0(33.70%),B:2762.6(6.05%),P:1e-398	Tpos:580.0,Tstd:451.3,Bpos:320.9,Bstd:240.5,StrandBias:-0.0,Multiplicity:4.72
0.136	0.862	0.001	0.001
0.019	0.977	0.001	0.003
0.001	0.973	0.001	0.025
0.001	0.001	0.997	0.001
0.001	0.001	0.001	0.997
0.001	0.001	0.997	0.001
0.001	0.001	0.420	0.578
0.001	0.001	0.997	0.001
0.001	0.001	0.997	0.001
0.797	0.001	0.201	0.001
>ACAGGTKAGA	15-ACAGGTKAGA	11.103899	-909.086821	0	T:667.0(25.37%),B:1379.8(3.02%),P:1e-394	Tpos:517.7,Tstd:361.5,Bpos:320.4,Bstd:289.7,StrandBias:0.0,Multiplicity:3.13
0.952	0.001	0.001	0.046
0.001	0.810	0.001	0.188
0.548	0.084	0.367	0.001
0.001	0.137	0.834	0.028
0.001	0.001	0.997	0.001
0.205	0.001	0.001	0.793
0.028	0.001	0.517	0.454
0.971	0.027	0.001	0.001
0.028	0.268	0.703	0.001
0.962	0.036	0.001	0.001
>GCGGRCACCT	16-GCGGRCACCT	11.710539	-884.280418	0	T:627.0(23.85%),B:1222.0(2.68%),P:1e-384	Tpos:512.1,Tstd:354.1,Bpos:314.4,Bstd:290.9,StrandBias:-0.1,Multiplicity:2.36
0.012	0.001	0.986	0.001
0.006	0.671	0.001	0.322
0.018	0.001	0.742	0.239
0.001	0.001	0.993	0.005
0.430	0.001	0.568	0.001
0.001	0.981	0.017	0.001
0.997	0.001	0.001	0.001
0.001	0.997	0.001	0.001
0.001	0.754	0.001	0.244
0.001	0.239	0.006	0.754
>CCTTTGBGGG	17-CCTTTGBGGG	10.604102	-849.460159	0	T:720.0(27.39%),B:1844.8(4.04%),P:1e-368	Tpos:555.8,Tstd:445.3,Bpos:316.0,Bstd:234.0,StrandBias:0.1,Multiplicity:2.73
0.001	0.997	0.001	0.001
0.001	0.936	0.001	0.062
0.001	0.389	0.001	0.609
0.001	0.001	0.001	0.997
0.001	0.001	0.293	0.705
0.001	0.001	0.992	0.006
0.001	0.415	0.318	0.266
0.050	0.381	0.568	0.001
0.001	0.001	0.997	0.001
0.001	0.001	0.993	0.005
>CTGCCTMAGC	18-CTGCCTMAGC	11.695548	-750.755426	0	T:667.0(25.37%),B:1798.1(3.94%),P:1e-326	Tpos:528.3,Tstd:364.7,Bpos:315.6,Bstd:281.6,StrandBias:-0.0,Multiplicity:4.45
0.001	0.997	0.001	0.001
0.001	0.001	0.292	0.706
0.001	0.001	0.997	0.001
0.001	0.997	0.001	0.001
0.001	0.997	0.001	0.001
0.209	0.001	0.001	0.789
0.510	0.488	0.001	0.001
0.997	0.001	0.001	0.001
0.001	0.001	0.997	0.001
0.001	0.992	0.001	0.006
>AAGGCCCAAA	19-AAGGCCCAAA	11.295580	-720.834652	0	T:421.0(16.01%),B:569.3(1.25%),P:1e-313	Tpos:445.6,Tstd:416.6,Bpos:301.0,Bstd:314.3,StrandBias:-0.1,Multiplicity:1.00
0.930	0.006	0.004	0.060
0.848	0.048	0.078	0.026
0.035	0.287	0.663	0.015
0.129	0.069	0.570	0.232
0.026	0.552	0.399	0.023
0.014	0.824	0.138	0.024
0.016	0.973	0.007	0.004
0.872	0.054	0.026	0.048
0.851	0.121	0.016	0.012
0.784	0.056	0.138	0.022
>CGGCTGGGRA	20-CGGCTGGGRA	9.402241	-607.574572	0	T:832.0(31.65%),B:3686.8(8.08%),P:1e-263	Tpos:566.2,Tstd:428.0,Bpos:315.6,Bstd:249.5,StrandBias:0.1,Multiplicity:3.40
0.001	0.940	0.001	0.058
0.177	0.082	0.450	0.291
0.002	0.319	0.637	0.042
0.001	0.997	0.001	0.001
0.125	0.060	0.001	0.814
0.001	0.025	0.950	0.024
0.153	0.020	0.826	0.001
0.001	0.323	0.634	0.042
0.387	0.122	0.465	0.026
0.833	0.044	0.122	0.001
>ATTGGDTYGG	21-ATTGGDTYGG	8.367689	-597.951573	0	T:365.0(13.88%),B:529.7(1.16%),P:1e-259	Tpos:591.7,Tstd:481.0,Bpos:318.0,Bstd:225.9,StrandBias:0.0,Multiplicity:3.85
0.645	0.240	0.064	0.051
0.052	0.277	0.239	0.432
0.080	0.025	0.053	0.842
0.063	0.110	0.798	0.029
0.024	0.045	0.729	0.202
0.331	0.146	0.320	0.204
0.022	0.080	0.323	0.575
0.065	0.448	0.050	0.437
0.328	0.113	0.525	0.034
0.019	0.194	0.689	0.098
>CCCTATGTAC	22-CCCTATGTAC	10.296193	-547.617635	0	T:325.0(12.36%),B:445.9(0.98%),P:1e-237	Tpos:613.1,Tstd:496.5,Bpos:325.6,Bstd:225.6,StrandBias:0.0,Multiplicity:4.12
0.100	0.700	0.100	0.100
0.100	0.700	0.100	0.100
0.100	0.700	0.100	0.100
0.100	0.100	0.100	0.700
0.700	0.100	0.100	0.100
0.100	0.100	0.100	0.700
0.100	0.100	0.700	0.100
0.100	0.100	0.100	0.700
0.700	0.100	0.100	0.100
0.100	0.700	0.100	0.100
>CGACTCGAGC	23-CGACTCGAGC	11.909189	-467.563798	0	T:280.0(10.65%),B:387.2(0.85%),P:1e-203	Tpos:620.9,Tstd:502.0,Bpos:325.1,Bstd:220.0,StrandBias:-0.0,Multiplicity:3.49
0.279	0.685	0.001	0.035
0.001	0.067	0.931	0.001
0.997	0.001	0.001	0.001
0.001	0.688	0.310	0.001
0.001	0.001	0.001	0.997
0.001	0.997	0.001	0.001
0.001	0.001	0.997	0.001
0.997	0.001	0.001	0.001
0.001	0.001	0.997	0.001
0.268	0.730	0.001	0.001
>GGAAGGGACT	24-GGAAGGGACT	10.296193	-385.932225	0	T:292.0(11.11%),B:592.8(1.30%),P:1e-167	Tpos:637.4,Tstd:504.2,Bpos:318.2,Bstd:217.8,StrandBias:-0.0,Multiplicity:3.58
0.100	0.100	0.700	0.100
0.100	0.100	0.700	0.100
0.700	0.100	0.100	0.100
0.700	0.100	0.100	0.100
0.100	0.100	0.700	0.100
0.100	0.100	0.700	0.100
0.100	0.100	0.700	0.100
0.700	0.100	0.100	0.100
0.100	0.700	0.100	0.100
0.100	0.100	0.100	0.700
>TTGSSCAASA	25-TTGSSCAASA	11.756463	-359.019468	0	T:310.0(11.79%),B:758.3(1.66%),P:1e-155	Tpos:613.8,Tstd:493.2,Bpos:317.9,Bstd:219.2,StrandBias:0.0,Multiplicity:3.90
0.001	0.001	0.001	0.997
0.001	0.001	0.001	0.997
0.001	0.001	0.997	0.001
0.001	0.499	0.499	0.001
0.001	0.499	0.499	0.001
0.001	0.997	0.001	0.001
0.997	0.001	0.001	0.001
0.997	0.001	0.001	0.001
0.001	0.499	0.499	0.001
0.997	0.001	0.001	0.001
>GTCCTCTGGTGC	1-GTCCTCTGGTGC	12.890904	-1595.867288	0	T:982.0(37.35%),B:1635.7(3.58%),P:1e-693	Tpos:546.4,Tstd:404.0,Bpos:322.6,Bstd:277.7,StrandBias:-0.0,Multiplicity:4.16
0.001	0.001	0.997	0.001
0.342	0.003	0.001	0.654
0.001	0.607	0.001	0.391
0.001	0.997	0.001	0.001
0.001	0.001	0.001	0.997
0.001	0.996	0.001	0.002
0.001	0.231	0.001	0.767
0.001	0.001	0.997	0.001
0.001	0.003	0.995	0.001
0.001	0.391	0.001	0.607
0.001	0.261	0.737	0.001
0.339	0.634	0.001	0.026
>TYACGGGACYCC	2-TYACGGGACYCC	9.796811	-1497.943124	0	T:912.0(34.69%),B:1467.3(3.22%),P:1e-650	Tpos:574.7,Tstd:456.9,Bpos:323.2,Bstd:252.9,StrandBias:0.0,Multiplicity:2.28
0.061	0.267	0.204	0.467
0.052	0.403	0.035	0.510
0.529	0.273	0.024	0.174
0.109	0.626	0.088	0.177
0.094	0.051	0.822	0.033
0.040	0.076	0.858	0.026
0.095	0.040	0.838	0.027
0.776	0.179	0.023	0.022
0.045	0.764	0.104	0.087
0.050	0.426	0.020	0.504
0.024	0.790	0.028	0.158
0.047	0.516	0.182	0.255
>GCGGAACTTAGG	3-GCGGAACTTAGG	10.515872	-1463.888052	0	T:828.0(31.49%),B:1144.9(2.51%),P:1e-635	Tpos:593.0,Tstd:481.4,Bpos:318.3,Bstd:249.5,StrandBias:0.0,Multiplicity:3.01
0.168	0.104	0.726	0.002
0.167	0.726	0.002	0.105
0.010	0.022	0.966	0.002
0.004	0.001	0.994	0.001
0.539	0.002	0.086	0.373
0.996	0.002	0.001	0.001
0.001	0.995	0.001	0.003
0.375	0.088	0.001	0.536
0.002	0.001	0.001	0.996
0.763	0.001	0.235	0.001
0.231	0.001	0.767	0.001
0.002	0.001	0.994	0.003
>CAGRGTSTTGCC	4-CAGRGTSTTGCC	11.073405	-1433.774962	0	T:964.0(36.67%),B:1853.4(4.06%),P:1e-622	Tpos:561.5,Tstd:419.6,Bpos:317.3,Bstd:272.7,StrandBias:-0.0,Multiplicity:3.32
0.303	0.695	0.001	0.001
0.989	0.001	0.001	0.009
0.001	0.001	0.997	0.001
0.565	0.001	0.433	0.001
0.001	0.127	0.871	0.001
0.001	0.001	0.001	0.997
0.001	0.565	0.433	0.001
0.001	0.420	0.001	0.578
0.001	0.001	0.001	0.997
0.001	0.001	0.997	0.001
0.001	0.997	0.001	0.001
0.001	0.997	0.001	0.001
>GCWRGGKAGSCS	5-GCWRGGKAGSCS	7.085438	-1281.482537	0	T:934.0(35.53%),B:2021.1(4.43%),P:1e-556	Tpos:564.5,Tstd:421.7,Bpos:314.9,Bstd:268.0,StrandBias:0.1,Multiplicity:3.25
0.001	0.001	0.997	0.001
0.001	0.997	0.001	0.001
0.509	0.001	0.001	0.489
0.479	0.001	0.519	0.001
0.001	0.001	0.997	0.001
0.001	0.001	0.997	0.001
0.001	0.001	0.518	0.480
0.997	0.001	0.001	0.001
0.001	0.001	0.997	0.001
0.001	0.478	0.520	0.001
0.001	0.997	0.001	0.001
0.001	0.446	0.552	0.001
>GGYAGCCAYCTT	6-GGYAGCCAYCTT	8.896650	-1268.726901	0	T:1046.0(39.79%),B:2764.6(6.06%),P:1e-550	Tpos:561.2,Tstd:410.2,Bpos:318.3,Bstd:269.6,StrandBias:0.1,Multiplicity:4.48
0.066	0.094	0.770	0.070
0.061	0.257	0.633	0.049
0.099	0.346	0.085	0.471
0.542	0.041	0.365	0.052
0.054	0.052	0.848	0.046
0.125	0.734	0.077	0.064
0.128	0.703	0.040	0.129
0.593	0.143	0.192	0.072
0.047	0.302	0.249	0.401
0.057	0.823	0.062	0.058
0.046	0.071	0.059	0.824
0.055	0.055	0.232	0.658
>HCAGGTGAGAGT	7-HCAGGTGAGAGT	12.441400	-1101.579829	0	T:547.0(20.81%),B:550.6(1.21%),P:1e-478	Tpos:439.8,Tstd:384.3,Bpos:312.3,Bstd:307.8,StrandBias:0.1,Multiplicity:1.01
0.325	0.282	0.015	0.378
0.003	0.636	0.001	0.360
0.442	0.011	0.270	0.277
0.004	0.002	0.986	0.008
0.006	0.063	0.930	0.001
0.002	0.265	0.014	0.719
0.002	0.003	0.987	0.008
0.956	0.001	0.025	0.018
0.021	0.023	0.943	0.013
0.966	0.007	0.001	0.026
0.004	0.004	0.990	0.002
0.186	0.247	0.120	0.447
>TGYTGCTTWGGC	8-TGYTGCTTWGGC	12.065802	-1034.329678	0	T:696.0(26.47%),B:1265.5(2.77%),P:1e-449	Tpos:499.1,Tstd:377.4,Bpos:317.9,Bstd:298.0,StrandBias:-0.0,Multiplicity:2.79
0.001	0.001	0.122	0.876
0.109	0.001	0.889	0.001
0.001	0.471	0.001	0.527
0.023	0.001	0.299	0.677
0.046	0.001	0.952	0.001
0.001	0.997	0.001	0.001
0.198	0.231	0.001	0.570
0.001	0.198	0.238	0.563
0.440	0.227	0.001	0.332
0.218	0.001	0.780	0.001
0.001	0.001	0.997	0.001
0.001	0.947	0.001	0.051
>GGARTCCTGTGT	9-GGARTCCTGTGT	10.652399	-1031.910516	0	T:664.0(25.26%),B:1114.3(2.44%),P:1e-448	Tpos:570.0,Tstd:476.3,Bpos:316.1,Bstd:248.2,StrandBias:0.0,Multiplicity:2.62
0.375	0.001	0.623	0.001
0.202	0.001	0.796	0.001
0.642	0.001	0.356	0.001
0.436	0.001	0.562	0.001
0.001	0.001	0.001	0.997
0.001	0.997	0.001	0.001
0.001	0.997	0.001	0.001
0.001	0.205	0.001	0.793
0.001	0.001	0.997	0.001
0.001	0.001	0.001	0.997
0.001	0.001	0.641	0.357
0.001	0.001	0.001	0.997
>TCAGACTAATTT	10-TCAGACTAATTT	11.560870	-1022.320703	0	T:655.0(24.91%),B:1089.1(2.39%),P:1e-443	Tpos:513.7,Tstd:372.3,Bpos:320.6,Bstd:301.6,StrandBias:-0.1,Multiplicity:3.61
0.001	0.001	0.353	0.645
0.001	0.997	0.001	0.001
0.997	0.001	0.001	0.001
0.001	0.001	0.997	0.001
0.997	0.001	0.001	0.001
0.001	0.997	0.001	0.001
0.001	0.001	0.001	0.997
0.997	0.001	0.001	0.001
0.997	0.001	0.001	0.001
0.350	0.001	0.001	0.648
0.052	0.001	0.001	0.946
0.001	0.001	0.001	0.997
>CTGACAGCTTCT	11-CTGACAGCTTCT	12.988395	-978.671596	0	T:650.0(24.72%),B:1146.6(2.51%),P:1e-425	Tpos:510.9,Tstd:360.0,Bpos:312.0,Bstd:299.8,StrandBias:0.0,Multiplicity:3.45
0.001	0.997	0.001	0.001
0.034	0.005	0.253	0.708
0.001	0.001	0.997	0.001
0.885	0.001	0.001	0.113
0.001	0.997	0.001	0.001
0.997	0.001	0.001	0.001
0.001	0.001	0.997	0.001
0.001	0.997	0.001	0.001
0.001	0.108	0.001	0.890
0.001	0.001	0.001	0.997
0.001	0.997	0.001	0.001
0.001	0.001	0.001	0.997
>TCAGAGSYTCTG	12-TCAGAGSYTCTG	11.325236	-977.552463	0	T:720.0(27.39%),B:1513.7(3.32%),P:1e-424	Tpos:518.4,Tstd:367.2,Bpos:315.6,Bstd:280.8,StrandBias:-0.0,Multiplicity:2.42
0.307	0.004	0.029	0.660
0.002	0.838	0.157	0.003
0.639	0.006	0.001	0.354
0.125	0.125	0.749	0.001
0.521	0.258	0.002	0.219
0.051	0.073	0.872	0.004
0.019	0.520	0.413	0.048
0.008	0.467	0.004	0.521
0.010	0.141	0.190	0.659
0.001	0.988	0.002	0.009
0.054	0.275	0.001	0.670
0.001	0.010	0.986	0.003
>AGKTSRGMGGGT	13-AGKTSRGMGGGT	10.313851	-968.398150	0	T:648.0(24.65%),B:1156.9(2.54%),P:1e-420	Tpos:545.5,Tstd:367.2,Bpos:318.2,Bstd:296.8,StrandBias:-0.0,Multiplicity:4.89
0.997	0.001	0.001	0.001
0.001	0.001	0.997	0.001
0.001	0.001	0.530	0.468
0.001	0.001	0.001	0.997
0.001	0.463	0.524	0.012
0.544	0.001	0.454	0.001
0.001	0.001	0.997	0.001
0.532	0.466	0.001	0.001
0.001	0.001	0.997	0.001
0.001	0.001	0.997	0.001
0.001	0.001	0.997	0.001
0.001	0.001	0.001	0.997
>RCCTAAGCCWCA	14-RCCTAAGCCWCA	11.087457	-931.678795	0	T:631.0(24.00%),B:1144.6(2.51%),P:1e-404	Tpos:517.9,Tstd:364.3,Bpos:306.6,Bstd:276.8,StrandBias:0.2,Multiplicity:1.57
0.417	0.011	0.550	0.022
0.298	0.532	0.001	0.169
0.247	0.708	0.024	0.021
0.245	0.007	0.112	0.636
0.586	0.276	0.113	0.025
0.777	0.001	0.204	0.018
0.045	0.001	0.729	0.225
0.024	0.778	0.013	0.185
0.138	0.848	0.001	0.013
0.523	0.015	0.001	0.461
0.001	0.788	0.036	0.175
0.789	0.186	0.024	0.001
>CGGGTGGGCACC	15-CGGGTGGGCACC	11.703693	-927.562580	0	T:653.0(24.84%),B:1264.6(2.77%),P:1e-402	Tpos:525.6,Tstd:361.5,Bpos:315.8,Bstd:291.0,StrandBias:-0.0,Multiplicity:3.10
0.009	0.915	0.005	0.071
0.149	0.002	0.846	0.003
0.002	0.001	0.990	0.007
0.035	0.001	0.963	0.001
0.003	0.299	0.012	0.686
0.120	0.001	0.878	0.001
0.009	0.012	0.977	0.002
0.244	0.001	0.747	0.008
0.008	0.987	0.001	0.004
0.913	0.085	0.001	0.001
0.004	0.993	0.001	0.002
0.004	0.991	0.001	0.004
>GGGCCGRGGACA	16-GGGCCGRGGACA	12.061304	-831.589916	0	T:613.0(23.32%),B:1263.5(2.77%),P:1e-361	Tpos:545.1,Tstd:370.5,Bpos:317.0,Bstd:292.1,StrandBias:0.1,Multiplicity:4.64
0.001	0.001	0.997	0.001
0.348	0.001	0.650	0.001
0.001	0.348	0.650	0.001
0.001	0.997	0.001	0.001
0.001	0.649	0.349	0.001
0.001	0.001	0.997	0.001
0.349	0.197	0.453	0.001
0.195	0.001	0.803	0.001
0.001	0.001	0.997	0.001
0.997	0.001	0.001	0.001
0.001	0.997	0.001	0.001
0.997	0.001	0.001	0.001
>ACAGGCGGVAGC	17-ACAGGCGGVAGC	10.337441	-762.223348	0	T:696.0(26.47%),B:1953.4(4.28%),P:1e-331	Tpos:550.5,Tstd:367.1,Bpos:321.3,Bstd:268.8,StrandBias:0.0,Multiplicity:3.57
0.602	0.057	0.292	0.049
0.027	0.884	0.035	0.054
0.601	0.287	0.069	0.043
0.040	0.040	0.909	0.011
0.038	0.040	0.892	0.030
0.031	0.895	0.041	0.033
0.071	0.031	0.849	0.049
0.050	0.290	0.632	0.028
0.381	0.295	0.296	0.028
0.609	0.068	0.290	0.033
0.065	0.042	0.845	0.048
0.018	0.901	0.040	0.041
>CCGGCCACCRTC	18-CCGGCCACCRTC	12.181392	-730.042901	0	T:469.0(17.84%),B:757.0(1.66%),P:1e-317	Tpos:473.3,Tstd:334.0,Bpos:325.0,Bstd:276.5,StrandBias:0.0,Multiplicity:2.07
0.001	0.622	0.376	0.001
0.001	0.994	0.004	0.001
0.069	0.001	0.929	0.001
0.005	0.001	0.993	0.001
0.001	0.622	0.001	0.376
0.001	0.997	0.001	0.001
0.997	0.001	0.001	0.001
0.005	0.993	0.001	0.001
0.001	0.978	0.001	0.020
0.460	0.001	0.538	0.001
0.001	0.001	0.001	0.997
0.001	0.997	0.001	0.001
>ACTGTGTTCCAC	19-ACTGTGTTCCAC	12.639131	-701.705575	0	T:470.0(17.88%),B:812.6(1.78%),P:1e-304	Tpos:584.0,Tstd:454.2,Bpos:322.2,Bstd:227.9,StrandBias:0.0,Multiplicity:3.71
0.544	0.002	0.287	0.167
0.001	0.997	0.001	0.001
0.049	0.001	0.001	0.949
0.001	0.001	0.997	0.001
0.028	0.001	0.049	0.922
0.246	0.001	0.752	0.001
0.301	0.001	0.159	0.539
0.001	0.001	0.001	0.997
0.001	0.997	0.001	0.001
0.001	0.997	0.001	0.001
0.997	0.001	0.001	0.001
0.032	0.966	0.001	0.001
>TCTKCGAMCCTG	20-TCTKCGAMCCTG	9.033833	-550.144266	0	T:605.0(23.01%),B:2073.2(4.54%),P:1e-238	Tpos:480.2,Tstd:397.3,Bpos:311.4,Bstd:255.4,StrandBias:0.1,Multiplicity:2.18
0.001	0.001	0.004	0.994
0.012	0.925	0.006	0.057
0.230	0.059	0.014	0.697
0.056	0.006	0.543	0.395
0.008	0.727	0.242	0.023
0.285	0.001	0.617	0.097
0.504	0.251	0.200	0.045
0.441	0.508	0.010	0.041
0.004	0.731	0.031	0.234
0.315	0.625	0.046	0.014
0.040	0.118	0.346	0.497
0.010	0.200	0.567	0.223
>GGTCCCKTGYGG	21-GGTCCCKTGYGG	13.241478	-524.790765	0	T:325.0(12.36%),B:480.3(1.05%),P:1e-227	Tpos:587.2,Tstd:481.7,Bpos:322.2,Bstd:226.8,StrandBias:0.0,Multiplicity:4.16
0.379	0.001	0.617	0.003
0.082	0.003	0.914	0.001
0.239	0.001	0.264	0.496
0.001	0.997	0.001	0.001
0.001	0.997	0.001	0.001
0.001	0.992	0.002	0.005
0.005	0.001	0.492	0.502
0.001	0.001	0.001	0.997
0.001	0.001	0.997	0.001
0.003	0.516	0.098	0.383
0.008	0.002	0.988	0.002
0.004	0.002	0.993	0.001
>TGCCCCAATCCA	22-TGCCCCAATCCA	13.646825	-523.956805	0	T:311.0(11.83%),B:425.6(0.93%),P:1e-227	Tpos:605.3,Tstd:482.9,Bpos:317.4,Bstd:220.6,StrandBias:-0.0,Multiplicity:3.80
0.027	0.001	0.001	0.971
0.001	0.001	0.997	0.001
0.001	0.924	0.001	0.074
0.001	0.992	0.001	0.006
0.180	0.818	0.001	0.001
0.001	0.997	0.001	0.001
0.645	0.001	0.001	0.353
0.640	0.001	0.358	0.001
0.359	0.001	0.001	0.639
0.001	0.639	0.001	0.359
0.007	0.639	0.353	0.001
0.646	0.001	0.352	0.001
>CAAGTCCCTTCC	23-CAAGTCCCTTCC	10.401339	-513.394262	0	T:349.0(13.28%),B:605.2(1.33%),P:1e-222	Tpos:604.3,Tstd:486.4,Bpos:322.8,Bstd:224.0,StrandBias:0.0,Multiplicity:3.74
0.045	0.953	0.001	0.001
0.997	0.001	0.001	0.001
0.997	0.001	0.001	0.001
0.128	0.001	0.870	0.001
0.001	0.246	0.001	0.752
0.001	0.997	0.001	0.001
0.001	0.997	0.001	0.001
0.001	0.997	0.001	0.001
0.001	0.001	0.001	0.997
0.001	0.001	0.001	0.997
0.001	0.982	0.001	0.016
0.010	0.988	0.001	0.001
>CTCGAGTCGAGA	24-CTCGAGTCGAGA	13.182684	-494.048674	0	T:282.0(10.73%),B:357.0(0.78%),P:1e-214	Tpos:640.0,Tstd:514.0,Bpos:327.4,Bstd:224.0,StrandBias:-0.0,Multiplicity:4.68
0.001	0.995	0.003	0.001
0.001	0.001	0.001	0.997
0.001	0.995	0.001	0.003
0.002	0.002	0.995	0.001
0.997	0.001	0.001	0.001
0.001	0.326	0.672	0.001
0.302	0.008	0.001	0.689
0.001	0.997	0.001	0.001
0.005	0.004	0.668	0.323
0.627	0.330	0.007	0.036
0.004	0.001	0.994	0.001
0.661	0.315	0.004	0.020
>TGATCTGGTGCA	25-TGATCTGGTGCA	9.436797	-462.029347	0	T:312.0(11.87%),B:532.4(1.17%),P:1e-200	Tpos:618.3,Tstd:496.8,Bpos:317.6,Bstd:220.7,StrandBias:-0.0,Multiplicity:4.12
0.238	0.001	0.001	0.760
0.003	0.001	0.995	0.001
0.997	0.001	0.001	0.001
0.001	0.001	0.001	0.997
0.001	0.997	0.001	0.001
0.238	0.001	0.001	0.760
0.236	0.001	0.762	0.001
0.001	0.001	0.997	0.001
0.001	0.238	0.003	0.758
0.001	0.238	0.760	0.001
0.001	0.997	0.001	0.001
0.760	0.001	0.238	0.001
>ACCAGAGG	1-ACCAGAGG	9.914140	-860.665352	0	T:1043.0(39.67%),B:4290.6(9.40%),P:1e-373	Tpos:547.4,Tstd:410.7,Bpos:320.9,Bstd:245.5,StrandBias:0.0,Multiplicity:3.32
0.997	0.001	0.001	0.001
0.001	0.997	0.001	0.001
0.001	0.997	0.001	0.001
0.683	0.001	0.315	0.001
0.001	0.001	0.997	0.001
0.997	0.001	0.001	0.001
0.001	0.001	0.997	0.001
0.001	0.001	0.997	0.001
>DACTTAGG	2-DACTTAGG	7.501276	-839.113804	0	T:1058.0(40.24%),B:4535.6(9.94%),P:1e-364	Tpos:546.7,Tstd:425.8,Bpos:316.5,Bstd:247.0,StrandBias:0.0,Multiplicity:3.44
0.401	0.001	0.279	0.319
0.720	0.001	0.001	0.278
0.001	0.762	0.236	0.001
0.318	0.001	0.001	0.680
0.001	0.001	0.001	0.997
0.598	0.237	0.164	0.001
0.163	0.001	0.835	0.001
0.001	0.001	0.997	0.001
>GAACCTGA	3-GAACCTGA	9.006993	-837.163460	0	T:1027.0(39.06%),B:4261.8(9.34%),P:1e-363	Tpos:547.5,Tstd:410.3,Bpos:317.5,Bstd:248.0,StrandBias:0.0,Multiplicity:3.03
0.001	0.001	0.997	0.001
0.997	0.001	0.001	0.001
0.997	0.001	0.001	0.001
0.001	0.997	0.001	0.001
0.001	0.689	0.001	0.309
0.001	0.001	0.184	0.814
0.001	0.001	0.997	0.001
0.997	0.001	0.001	0.001
>GTCGCCAT	4-GTCGCCAT	8.852915	-830.591169	0	T:772.0(29.36%),B:2247.6(4.93%),P:1e-360	Tpos:529.0,Tstd:366.6,Bpos:315.1,Bstd:268.1,StrandBias:0.0,Multiplicity:3.19
0.001	0.001	0.997	0.001
0.001	0.001	0.109	0.889
0.001	0.997	0.001	0.001
0.001	0.001	0.997	0.001
0.001	0.997	0.001	0.001
0.001	0.997	0.001	0.001
0.997	0.001	0.001	0.001
0.001	0.001	0.001	0.997
>TGCGCCAG	5-TGCGCCAG	10.712647	-742.066800	0	T:650.0(24.72%),B:1715.3(3.76%),P:1e-322	Tpos:530.4,Tstd:363.4,Bpos:320.1,Bstd:275.5,StrandBias:0.1,Multiplicity:2.76
0.001	0.001	0.001	0.997
0.001	0.001	0.997	0.001
0.001	0.997	0.001	0.001
0.001	0.298	0.700	0.001
0.001	0.997	0.001	0.001
0.001	0.997	0.001	0.001
0.997	0.001	0.001	0.001
0.001	0.001	0.997	0.001
>TCCGGGAC	6-TCCGGGAC	10.529322	-735.279856	0	T:735.0(27.96%),B:2317.8(5.08%),P:1e-319	Tpos:532.2,Tstd:368.0,Bpos:322.1,Bstd:263.5,StrandBias:0.0,Multiplicity:2.47
0.001	0.175	0.001	0.823
0.001	0.997	0.001	0.001
0.001	0.997	0.001	0.001
0.001	0.242	0.756	0.001
0.067	0.001	0.931	0.001
0.001	0.001	0.997	0.001
0.997	0.001	0.001	0.001
0.001	0.997	0.001	0.001
>TTAGNCYG	7-TTAGNCYG	7.244642	-674.598151	0	T:1125.0(42.79%),B:6197.9(13.58%),P:1e-292	Tpos:555.8,Tstd:430.2,Bpos:316.8,Bstd:247.4,StrandBias:0.0,Multiplicity:5.42
0.001	0.001	0.274	0.724
0.001	0.001	0.224	0.774
0.741	0.001	0.257	0.001
0.001	0.001	0.997	0.001
0.225	0.275	0.242	0.258
0.001	0.997	0.001	0.001
0.001	0.499	0.001	0.499
0.001	0.001	0.997	0.001
>CCGGCCAC	8-CCGGCCAC	8.236954	-653.553190	0	T:744.0(28.30%),B:2711.4(5.94%),P:1e-283	Tpos:523.6,Tstd:361.2,Bpos:325.9,Bstd:257.2,StrandBias:0.0,Multiplicity:2.69
0.100	0.700	0.100	0.100
0.100	0.700	0.100	0.100
0.100	0.100	0.700	0.100
0.100	0.100	0.700	0.100
0.100	0.700	0.100	0.100
0.100	0.700	0.100	0.100
0.700	0.100	0.100	0.100
0.100	0.700	0.100	0.100
>GAWCAGGC	9-GAWCAGGC	10.343652	-623.231412	0	T:792.0(30.13%),B:3250.1(7.12%),P:1e-270	Tpos:585.9,Tstd:436.5,Bpos:316.0,Bstd:250.5,StrandBias:0.1,Multiplicity:3.39
0.001	0.001	0.997	0.001
0.997	0.001	0.001	0.001
0.514	0.001	0.001	0.484
0.001	0.997	0.001	0.001
0.997	0.001	0.001	0.001
0.001	0.001	0.997	0.001
0.001	0.001	0.997	0.001
0.001	0.997	0.001	0.001
>GAAGCACA	10-GAAGCACA	8.236954	-621.981710	0	T:696.0(26.47%),B:2469.0(5.41%),P:1e-270	Tpos:519.5,Tstd:358.8,Bpos:315.5,Bstd:265.5,StrandBias:0.1,Multiplicity:2.96
0.100	0.100	0.700	0.100
0.700	0.100	0.100	0.100
0.700	0.100	0.100	0.100
0.100	0.100	0.700	0.100
0.100	0.700	0.100	0.100
0.700	0.100	0.100	0.100
0.100	0.700	0.100	0.100
0.700	0.100	0.100	0.100
>AGCTTCTG	11-AGCTTCTG	10.769568	-590.068755	0	T:835.0(31.76%),B:3811.3(8.35%),P:1e-256	Tpos:487.8,Tstd:353.9,Bpos:312.6,Bstd:253.9,StrandBias:0.0,Multiplicity:3.23
0.741	0.001	0.001	0.257
0.001	0.001	0.997	0.001
0.001	0.997	0.001	0.001
0.001	0.001	0.001	0.997
0.001	0.001	0.001	0.997
0.001	0.997	0.001	0.001
0.001	0.001	0.001	0.997
0.001	0.001	0.997	0.001
>GGTGAGAG	12-GGTGAGAG	10.806128	-542.129269	0	T:784.0(29.82%),B:3614.4(7.92%),P:1e-235	Tpos:526.1,Tstd:375.0,Bpos:327.5,Bstd:256.9,StrandBias:0.0,Multiplicity:3.18
0.001	0.001	0.997	0.001
0.001	0.001	0.997	0.001
0.001	0.089	0.001	0.909
0.001	0.001	0.843	0.155
0.997	0.001	0.001	0.001
0.001	0.001	0.997	0.001
0.997	0.001	0.001	0.001
0.001	0.001	0.997	0.001
>GCTGGCAM	13-GCTGGCAM	8.533858	-477.086012	0	T:556.0(21.15%),B:2009.7(4.40%),P:1e-207	Tpos:574.1,Tstd:479.2,Bpos:316.6,Bstd:235.5,StrandBias:-0.0,Multiplicity:2.58
0.203	0.001	0.795	0.001
0.001	0.997	0.001	0.001
0.197	0.001	0.300	0.502
0.001	0.001	0.997	0.001
0.001	0.203	0.795	0.001
0.001	0.700	0.298	0.001
0.700	0.001	0.298	0.001
0.502	0.496	0.001	0.001
>ACAGGTGC	14-ACAGGTGC	8.962979	-464.689952	0	T:837.0(31.84%),B:4638.2(10.17%),P:1e-201	Tpos:524.2,Tstd:364.2,Bpos:324.1,Bstd:245.5,StrandBias:0.0,Multiplicity:3.11
0.997	0.001	0.001	0.001
0.001	0.997	0.001	0.001
0.997	0.001	0.001	0.001
0.001	0.001	0.997	0.001
0.001	0.001	0.997	0.001
0.001	0.159	0.001	0.839
0.001	0.001	0.997	0.001
0.001	0.763	0.001	0.235
>AGCACCCT	15-AGCACCCT	8.236954	-444.233058	0	T:599.0(22.78%),B:2514.5(5.51%),P:1e-192	Tpos:530.4,Tstd:365.6,Bpos:317.7,Bstd:262.3,StrandBias:0.1,Multiplicity:3.02
0.700	0.100	0.100	0.100
0.100	0.100	0.700	0.100
0.100	0.700	0.100	0.100
0.700	0.100	0.100	0.100
0.100	0.700	0.100	0.100
0.100	0.700	0.100	0.100
0.100	0.700	0.100	0.100
0.100	0.100	0.100	0.700
>CGABTCGA	16-CGABTCGA	9.422442	-410.021806	0	T:285.0(10.84%),B:507.8(1.11%),P:1e-178	Tpos:635.9,Tstd:512.7,Bpos:322.3,Bstd:214.1,StrandBias:0.0,Multiplicity:3.59
0.001	0.997	0.001	0.001
0.001	0.001	0.997	0.001
0.997	0.001	0.001	0.001
0.001	0.287	0.318	0.394
0.001	0.001	0.001	0.997
0.001	0.604	0.394	0.001
0.001	0.001	0.997	0.001
0.997	0.001	0.001	0.001
>TTGCGGGT	17-TTGCGGGT	8.236954	-380.734792	0	T:332.0(12.63%),B:826.0(1.81%),P:1e-165	Tpos:595.7,Tstd:487.0,Bpos:315.9,Bstd:221.2,StrandBias:0.0,Multiplicity:4.06
0.100	0.100	0.100	0.700
0.100	0.100	0.100	0.700
0.100	0.100	0.700	0.100
0.100	0.700	0.100	0.100
0.100	0.100	0.700	0.100
0.100	0.100	0.700	0.100
0.100	0.100	0.700	0.100
0.100	0.100	0.100	0.700
>GTGGGCCG	18-GTGGGCCG	8.236954	-364.469536	0	T:458.0(17.42%),B:1758.0(3.85%),P:1e-158	Tpos:558.0,Tstd:376.1,Bpos:319.9,Bstd:269.2,StrandBias:0.1,Multiplicity:3.34
0.100	0.100	0.700	0.100
0.100	0.100	0.100	0.700
0.100	0.100	0.700	0.100
0.100	0.100	0.700	0.100
0.100	0.100	0.700	0.100
0.100	0.700	0.100	0.100
0.100	0.700	0.100	0.100
0.100	0.100	0.700	0.100
>GCTCGAGT	19-GCTCGAGT	8.236954	-356.577632	0	T:321.0(12.21%),B:830.5(1.82%),P:1e-154	Tpos:622.1,Tstd:502.2,Bpos:327.8,Bstd:222.4,StrandBias:0.0,Multiplicity:3.87
0.100	0.100	0.700	0.100
0.100	0.700	0.100	0.100
0.100	0.100	0.100	0.700
0.100	0.700	0.100	0.100
0.100	0.100	0.700	0.100
0.700	0.100	0.100	0.100
0.100	0.100	0.700	0.100
0.100	0.100	0.100	0.700
>GCTGAGGC	20-GCTGAGGC	10.699707	-332.064476	0	T:729.0(27.73%),B:4548.9(9.97%),P:1e-144	Tpos:484.9,Tstd:347.2,Bpos:321.0,Bstd:242.5,StrandBias:0.1,Multiplicity:3.85
0.001	0.001	0.997	0.001
0.001	0.997	0.001	0.001
0.001	0.001	0.001	0.997
0.001	0.001	0.997	0.001
0.691	0.001	0.001	0.307
0.001	0.001	0.997	0.001
0.001	0.001	0.997	0.001
0.001	0.997	0.001	0.001
>TYGWGCCC	21-TYGWGCCC	9.779800	-314.518044	0	T:379.0(14.42%),B:1379.2(3.02%),P:1e-136	Tpos:601.7,Tstd:489.0,Bpos:322.9,Bstd:214.5,StrandBias:0.0,Multiplicity:3.61
0.001	0.001	0.001	0.997
0.001	0.474	0.001	0.524
0.001	0.001	0.997	0.001
0.474	0.001	0.001	0.524
0.001	0.001	0.997	0.001
0.001	0.997	0.001	0.001
0.001	0.997	0.001	0.001
0.001	0.997	0.001	0.001
>GTCCCGTG	22-GTCCCGTG	10.987027	-314.494601	0	T:325.0(12.36%),B:994.1(2.18%),P:1e-136	Tpos:617.9,Tstd:494.1,Bpos:321.4,Bstd:214.1,StrandBias:-0.0,Multiplicity:6.77
0.077	0.001	0.921	0.001
0.001	0.001	0.001	0.997
0.001	0.997	0.001	0.001
0.001	0.997	0.001	0.001
0.001	0.997	0.001	0.001
0.001	0.001	0.997	0.001
0.001	0.001	0.001	0.997
0.001	0.001	0.997	0.001
>TTGGGCAA	23-TTGGGCAA	8.236954	-264.443238	0	T:324.0(12.32%),B:1191.0(2.61%),P:1e-114	Tpos:609.4,Tstd:491.1,Bpos:317.6,Bstd:212.2,StrandBias:0.0,Multiplicity:3.77
0.100	0.100	0.100	0.700
0.100	0.100	0.100	0.700
0.100	0.100	0.700	0.100
0.100	0.100	0.700	0.100
0.100	0.100	0.700	0.100
0.100	0.700	0.100	0.100
0.700	0.100	0.100	0.100
0.700	0.100	0.100	0.100
>CGGAAGGG	24-CGGAAGGG	8.236954	-256.601602	0	T:352.0(13.39%),B:1447.4(3.17%),P:1e-111	Tpos:602.4,Tstd:490.8,Bpos:314.8,Bstd:206.6,StrandBias:0.0,Multiplicity:3.29
0.100	0.700	0.100	0.100
0.100	0.100	0.700	0.100
0.100	0.100	0.700	0.100
0.700	0.100	0.100	0.100
0.700	0.100	0.100	0.100
0.100	0.100	0.700	0.100
0.100	0.100	0.700	0.100
0.100	0.100	0.700	0.100
>ATTGGANC	25-ATTGGANC	6.808008	-240.939011	0	T:411.0(15.63%),B:2050.8(4.49%),P:1e-104	Tpos:576.8,Tstd:481.5,Bpos:315.1,Bstd:208.0,StrandBias:0.1,Multiplicity:3.66
0.620	0.084	0.101	0.195
0.164	0.073	0.181	0.582
0.059	0.001	0.237	0.703
0.001	0.029	0.969	0.001
0.001	0.100	0.898	0.001
0.545	0.001	0.270	0.184
0.180	0.232	0.270	0.318
0.001	0.637	0.001	0.361
