>ATGAATAATGCA	10-ATGAATAATGCA,BestGuess:Pit1+1bp(Homeobox)/GCrat-Pit1-ChIP-Seq(GSE58009)/Homer(0.873)	6.710434	-124.551187	0	T:1421.0(31.02%),B:9548.3(21.17%),P:1e-54
0.743	0.093	0.082	0.082
0.126	0.031	0.083	0.760
0.078	0.066	0.776	0.080
0.773	0.089	0.064	0.074
0.768	0.086	0.079	0.067
0.097	0.085	0.100	0.718
0.708	0.100	0.101	0.091
0.769	0.078	0.070	0.083
0.095	0.034	0.078	0.793
0.101	0.079	0.725	0.095
0.107	0.702	0.100	0.091
0.762	0.086	0.043	0.109
