>TGCATTATTCAT	10-ATGAATAATGCA	6.710434	-124.551187	0	T:1421.0(31.02%),B:9548.3(21.17%),P:1e-54
0.109	0.043	0.086	0.762
0.091	0.100	0.702	0.107
0.095	0.725	0.079	0.101
0.793	0.078	0.034	0.095
0.083	0.070	0.078	0.769
0.091	0.101	0.100	0.708
0.718	0.100	0.085	0.097
0.067	0.079	0.086	0.768
0.074	0.064	0.089	0.773
0.080	0.776	0.066	0.078
0.760	0.083	0.031	0.126
0.082	0.082	0.093	0.743
