>ACAGGGCAGGGC	14-GCCCTGCCCTGT	8.036997	-89.405983	0	T:729.0(15.91%),B:4377.2(9.71%),P:1e-38
0.686	0.120	0.116	0.078
0.148	0.723	0.078	0.051
0.826	0.001	0.020	0.153
0.110	0.003	0.807	0.080
0.134	0.001	0.775	0.090
0.108	0.087	0.782	0.023
0.123	0.684	0.119	0.074
0.883	0.032	0.014	0.071
0.137	0.016	0.753	0.094
0.118	0.020	0.748	0.114
0.093	0.095	0.744	0.068
0.144	0.594	0.106	0.156
