>TTGTTATGCAAA	4-TTTGCATAACAA	7.337626	-395.962470	0	T:1403.0(30.63%),B:6485.3(14.38%),P:1e-171
0.077	0.156	0.137	0.630
0.185	0.010	0.030	0.775
0.178	0.232	0.449	0.141
0.255	0.111	0.024	0.610
0.144	0.207	0.082	0.567
0.765	0.020	0.020	0.195
0.020	0.001	0.012	0.967
0.076	0.003	0.720	0.201
0.090	0.572	0.148	0.190
0.779	0.018	0.001	0.202
0.561	0.070	0.175	0.194
0.787	0.021	0.064	0.128
