>TTTGCATAACAA	4-TTTGCATAACAA,BestGuess:Pou5f1::Sox2/MA0142.1/Jaspar(0.916)	7.337626	-395.962470	0	T:1403.0(30.63%),B:6485.3(14.38%),P:1e-171
0.128	0.064	0.021	0.787
0.194	0.175	0.070	0.561
0.202	0.001	0.018	0.779
0.190	0.148	0.572	0.090
0.201	0.720	0.003	0.076
0.967	0.012	0.001	0.020
0.195	0.020	0.020	0.765
0.567	0.082	0.207	0.144
0.610	0.024	0.111	0.255
0.141	0.449	0.232	0.178
0.775	0.030	0.010	0.185
0.630	0.137	0.156	0.077
