>DGDCYMCWCCCW	3-DGDCYMCWCCCW	6.138271	-791.941834	0	T:3154.0(68.85%),B:17954.9(39.81%),P:1e-343
0.350	0.138	0.261	0.252
0.221	0.107	0.529	0.143
0.231	0.182	0.356	0.231
0.174	0.440	0.130	0.256
0.193	0.410	0.134	0.263
0.356	0.487	0.065	0.092
0.278	0.676	0.014	0.032
0.356	0.039	0.223	0.382
0.029	0.860	0.072	0.039
0.031	0.899	0.018	0.052
0.015	0.925	0.014	0.046
0.417	0.095	0.080	0.409
