>CTTTTGTTATGC	6-CTTTTGTTATGC	7.623939	-171.440335	0	T:847.0(18.49%),B:4337.7(9.62%),P:1e-74
0.038	0.760	0.100	0.102
0.052	0.139	0.001	0.808
0.090	0.066	0.049	0.795
0.085	0.082	0.071	0.762
0.039	0.001	0.016	0.944
0.082	0.142	0.680	0.096
0.095	0.043	0.081	0.781
0.133	0.141	0.127	0.599
0.699	0.114	0.082	0.105
0.107	0.025	0.040	0.828
0.085	0.085	0.690	0.140
0.136	0.628	0.116	0.120
