>ATGCATATTCAA	5-ATGCATATTCAA	8.094538	-195.073489	0	T:682.0(14.89%),B:2984.1(6.62%),P:1e-84
0.875	0.055	0.039	0.031
0.120	0.001	0.100	0.779
0.022	0.001	0.825	0.152
0.128	0.834	0.019	0.019
0.930	0.001	0.001	0.068
0.232	0.061	0.070	0.637
0.839	0.033	0.001	0.127
0.130	0.011	0.049	0.810
0.063	0.007	0.103	0.827
0.005	0.585	0.182	0.228
0.681	0.076	0.001	0.242
0.673	0.070	0.075	0.182
