>GGCAGVCTGCCA	15-GGCAGVCTGCCA,BestGuess:Tlx?(NR)/NPC-H3K4me1-ChIP-Seq(GSE16256)/Homer(0.839)	7.565830	-73.465842	0	T:910.0(19.86%),B:6101.2(13.53%),P:1e-31
0.263	0.023	0.512	0.202
0.037	0.074	0.838	0.051
0.139	0.729	0.103	0.029
0.579	0.001	0.001	0.419
0.002	0.106	0.781	0.111
0.249	0.372	0.238	0.141
0.093	0.780	0.070	0.057
0.351	0.001	0.017	0.631
0.014	0.090	0.717	0.179
0.117	0.578	0.175	0.130
0.311	0.586	0.001	0.102
0.493	0.142	0.075	0.290
