>RRGGTGTGGWNW	8-RRGGTGTGGWNW	7.404536	-153.178576	0	T:353.0(7.71%),B:1203.0(2.67%),P:1e-66
0.352	0.139	0.436	0.073
0.481	0.034	0.396	0.088
0.245	0.047	0.471	0.237
0.215	0.219	0.376	0.190
0.079	0.122	0.064	0.735
0.094	0.094	0.724	0.088
0.083	0.006	0.300	0.611
0.072	0.006	0.842	0.080
0.089	0.126	0.645	0.140
0.285	0.230	0.073	0.412
0.167	0.289	0.248	0.296
0.286	0.208	0.139	0.367
