>GCATTGTCATTC	9-GAATGACAATGC	7.185262	-132.172500	0	T:738.0(16.11%),B:3931.5(8.72%),P:1e-57
0.080	0.131	0.671	0.118
0.088	0.783	0.071	0.058
0.750	0.099	0.036	0.115
0.096	0.095	0.098	0.711
0.089	0.028	0.064	0.819
0.063	0.095	0.740	0.102
0.094	0.081	0.091	0.734
0.091	0.743	0.091	0.075
0.790	0.096	0.012	0.102
0.050	0.081	0.085	0.784
0.073	0.072	0.097	0.758
0.091	0.717	0.082	0.110
