>ATGCAAAT	1-ATGCAAAT	6.112971	-830.640078	0	T:3647.0(52.82%),B:12450.4(29.36%),P:1e-360	Tpos:275.1,Tstd:204.5,Bpos:241.5,Bstd:154.5,StrandBias:-0.0,Multiplicity:1.50
0.967	0.001	0.008	0.024
0.001	0.001	0.001	0.997
0.001	0.001	0.913	0.085
0.001	0.907	0.034	0.058
0.698	0.001	0.001	0.300
0.913	0.001	0.061	0.025
0.988	0.001	0.001	0.010
0.043	0.043	0.063	0.851
>ACATTCCT	2-ACATTCCT	6.719362	-703.349350	0	T:3001.0(43.46%),B:9777.1(23.06%),P:1e-305	Tpos:267.9,Tstd:209.5,Bpos:242.2,Bstd:152.1,StrandBias:-0.0,Multiplicity:1.36
0.621	0.035	0.322	0.022
0.216	0.603	0.121	0.060
0.982	0.005	0.012	0.001
0.027	0.061	0.006	0.906
0.030	0.011	0.010	0.949
0.011	0.971	0.012	0.006
0.085	0.775	0.005	0.135
0.286	0.051	0.194	0.468
>TGGGTGTG	3-TGGGTGTG	4.940220	-447.132907	0	T:1348.0(19.52%),B:3456.0(8.15%),P:1e-194	Tpos:281.4,Tstd:219.9,Bpos:245.6,Bstd:142.0,StrandBias:0.1,Multiplicity:1.15
0.003	0.001	0.001	0.995
0.001	0.001	0.997	0.001
0.001	0.001	0.997	0.001
0.001	0.001	0.997	0.001
0.001	0.001	0.001	0.997
0.001	0.001	0.997	0.001
0.001	0.001	0.001	0.997
0.274	0.001	0.724	0.001
>RACAAWGS	4-RACAAWGS	6.795962	-426.485612	0	T:3576.0(51.79%),B:14708.5(34.69%),P:1e-185	Tpos:283.8,Tstd:221.3,Bpos:243.4,Bstd:149.7,StrandBias:0.0,Multiplicity:1.49
0.457	0.095	0.336	0.112
0.997	0.001	0.001	0.001
0.073	0.860	0.001	0.066
0.997	0.001	0.001	0.001
0.997	0.001	0.001	0.001
0.429	0.010	0.001	0.560
0.183	0.001	0.815	0.001
0.123	0.394	0.482	0.001
>TATTCAGD	5-TATTCAGD	6.317976	-319.829332	0	T:2729.0(39.52%),B:10888.2(25.68%),P:1e-138	Tpos:282.7,Tstd:217.3,Bpos:239.7,Bstd:151.5,StrandBias:0.0,Multiplicity:1.37
0.084	0.123	0.072	0.721
0.911	0.009	0.038	0.042
0.001	0.001	0.001	0.997
0.111	0.001	0.115	0.773
0.017	0.868	0.106	0.009
0.930	0.008	0.015	0.047
0.151	0.144	0.467	0.239
0.298	0.174	0.195	0.332
>CTCCACCC	6-CTCCACCC	9.066292	-290.838473	0	T:2128.0(30.82%),B:7968.1(18.79%),P:1e-126	Tpos:333.8,Tstd:281.2,Bpos:239.6,Bstd:145.3,StrandBias:-0.1,Multiplicity:1.45
0.001	0.997	0.001	0.001
0.001	0.301	0.001	0.697
0.001	0.997	0.001	0.001
0.001	0.997	0.001	0.001
0.805	0.001	0.001	0.193
0.001	0.997	0.001	0.001
0.001	0.997	0.001	0.001
0.001	0.997	0.001	0.001
>AGGGAGTG	7-AGGGAGTG	8.054921	-278.996163	0	T:940.0(13.61%),B:2504.6(5.91%),P:1e-121	Tpos:290.4,Tstd:248.7,Bpos:240.1,Bstd:143.6,StrandBias:-0.1,Multiplicity:1.07
0.997	0.001	0.001	0.001
0.001	0.001	0.997	0.001
0.001	0.001	0.997	0.001
0.001	0.001	0.997	0.001
0.822	0.176	0.001	0.001
0.001	0.001	0.997	0.001
0.001	0.001	0.001	0.997
0.001	0.001	0.720	0.278
>TAGGGCGT	8-TAGGGCGT	8.236954	-198.952384	0	T:153.0(2.22%),B:109.5(0.26%),P:1e-86	Tpos:237.0,Tstd:160.1,Bpos:245.7,Bstd:138.0,StrandBias:-0.1,Multiplicity:1.00
0.100	0.100	0.100	0.700
0.700	0.100	0.100	0.100
0.100	0.100	0.700	0.100
0.100	0.100	0.700	0.100
0.100	0.100	0.700	0.100
0.100	0.700	0.100	0.100
0.100	0.100	0.700	0.100
0.100	0.100	0.100	0.700
>ATTAACAA	9-ATTAACAA	8.997777	-157.295064	0	T:673.0(9.75%),B:1982.0(4.67%),P:1e-68	Tpos:286.1,Tstd:206.0,Bpos:242.7,Bstd:155.3,StrandBias:-0.0,Multiplicity:1.03
0.997	0.001	0.001	0.001
0.001	0.001	0.001	0.997
0.001	0.001	0.001	0.997
0.845	0.001	0.001	0.153
0.821	0.001	0.177	0.001
0.001	0.997	0.001	0.001
0.997	0.001	0.001	0.001
0.997	0.001	0.001	0.001
>ATTTACGC	10-ATTTACGC	4.518843	-143.213646	0	T:516.0(7.47%),B:1400.1(3.30%),P:1e-62	Tpos:270.9,Tstd:187.2,Bpos:247.0,Bstd:159.3,StrandBias:0.1,Multiplicity:1.03
0.997	0.001	0.001	0.001
0.180	0.001	0.001	0.818
0.001	0.009	0.001	0.989
0.001	0.001	0.001	0.997
0.997	0.001	0.001	0.001
0.001	0.805	0.001	0.193
0.001	0.001	0.997	0.001
0.001	0.997	0.001	0.001
>TATGGTAA	11-TATGGTAA	8.236954	-128.936940	0	T:230.0(3.33%),B:404.0(0.95%),P:1e-55	Tpos:249.7,Tstd:140.7,Bpos:246.2,Bstd:149.8,StrandBias:0.0,Multiplicity:1.00
0.100	0.100	0.100	0.700
0.700	0.100	0.100	0.100
0.100	0.100	0.100	0.700
0.100	0.100	0.700	0.100
0.100	0.100	0.700	0.100
0.100	0.100	0.100	0.700
0.700	0.100	0.100	0.100
0.700	0.100	0.100	0.100
>CTGSCARS	12-CTGSCARS	6.291073	-127.790247	0	T:2742.0(39.71%),B:13039.2(30.75%),P:1e-55	Tpos:304.0,Tstd:249.2,Bpos:244.7,Bstd:151.6,StrandBias:0.0,Multiplicity:1.38
0.001	0.645	0.001	0.353
0.001	0.001	0.001	0.997
0.001	0.001	0.997	0.001
0.001	0.475	0.523	0.001
0.001	0.997	0.001	0.001
0.997	0.001	0.001	0.001
0.456	0.061	0.483	0.001
0.001	0.552	0.446	0.001
>RAAAGSCB	13-RAAAGSCB	5.877865	-112.487343	0	T:1898.0(27.49%),B:8513.6(20.08%),P:1e-48	Tpos:296.7,Tstd:238.2,Bpos:242.3,Bstd:153.0,StrandBias:-0.1,Multiplicity:1.19
0.465	0.067	0.422	0.046
0.845	0.044	0.109	0.002
0.841	0.062	0.026	0.071
0.597	0.064	0.156	0.183
0.209	0.058	0.520	0.213
0.067	0.459	0.434	0.040
0.124	0.681	0.113	0.082
0.119	0.347	0.336	0.198
>AATGCGAA	14-AATGCGAA	8.187316	-109.002067	0	T:449.0(6.50%),B:1294.1(3.05%),P:1e-47	Tpos:274.9,Tstd:240.8,Bpos:242.5,Bstd:151.1,StrandBias:0.0,Multiplicity:1.15
0.909	0.029	0.001	0.061
0.977	0.001	0.001	0.021
0.273	0.008	0.001	0.718
0.001	0.026	0.972	0.001
0.220	0.498	0.001	0.281
0.001	0.001	0.726	0.272
0.469	0.257	0.255	0.019
0.960	0.001	0.001	0.038
>TAGGTAAC	15-TAGGTAAC	8.236954	-100.986844	0	T:172.0(2.49%),B:292.5(0.69%),P:1e-43	Tpos:243.5,Tstd:144.6,Bpos:231.7,Bstd:135.1,StrandBias:0.0,Multiplicity:1.00
0.100	0.100	0.100	0.700
0.700	0.100	0.100	0.100
0.100	0.100	0.700	0.100
0.100	0.100	0.700	0.100
0.100	0.100	0.100	0.700
0.700	0.100	0.100	0.100
0.700	0.100	0.100	0.100
0.100	0.700	0.100	0.100
>CTAGTTGA	16-CTAGTTGA	8.236954	-96.561010	0	T:165.0(2.39%),B:281.8(0.66%),P:1e-41	Tpos:250.9,Tstd:200.1,Bpos:246.6,Bstd:147.0,StrandBias:0.1,Multiplicity:1.01
0.100	0.700	0.100	0.100
0.100	0.100	0.100	0.700
0.700	0.100	0.100	0.100
0.100	0.100	0.700	0.100
0.100	0.100	0.100	0.700
0.100	0.100	0.100	0.700
0.100	0.100	0.700	0.100
0.700	0.100	0.100	0.100
>TACACTAT	17-TACACTAT	8.236954	-94.195596	0	T:181.0(2.62%),B:337.5(0.80%),P:1e-40	Tpos:246.4,Tstd:212.7,Bpos:253.3,Bstd:146.9,StrandBias:0.1,Multiplicity:1.00
0.100	0.100	0.100	0.700
0.700	0.100	0.100	0.100
0.100	0.700	0.100	0.100
0.700	0.100	0.100	0.100
0.100	0.700	0.100	0.100
0.100	0.100	0.100	0.700
0.700	0.100	0.100	0.100
0.100	0.100	0.100	0.700
>ATAGTTCT	18-ATAGTTCT	8.236954	-85.338719	0	T:233.0(3.37%),B:545.3(1.29%),P:1e-37	Tpos:250.9,Tstd:157.0,Bpos:242.8,Bstd:141.7,StrandBias:0.1,Multiplicity:1.02
0.700	0.100	0.100	0.100
0.100	0.100	0.100	0.700
0.700	0.100	0.100	0.100
0.100	0.100	0.700	0.100
0.100	0.100	0.100	0.700
0.100	0.100	0.100	0.700
0.100	0.700	0.100	0.100
0.100	0.100	0.100	0.700
>TGGGATTC	19-TGGGATTC	7.870308	-84.543287	0	T:355.0(5.14%),B:1031.3(2.43%),P:1e-36	Tpos:276.2,Tstd:196.2,Bpos:243.2,Bstd:149.9,StrandBias:-0.1,Multiplicity:1.01
0.001	0.001	0.001	0.997
0.001	0.045	0.953	0.001
0.001	0.094	0.904	0.001
0.001	0.001	0.997	0.001
0.997	0.001	0.001	0.001
0.001	0.001	0.001	0.997
0.001	0.001	0.001	0.997
0.001	0.997	0.001	0.001
>GTAGGCTC	20-GTAGGCTC	10.533179	-80.709250	0	T:172.0(2.49%),B:345.8(0.82%),P:1e-35	Tpos:262.3,Tstd:188.2,Bpos:245.9,Bstd:139.1,StrandBias:0.0,Multiplicity:1.00
0.001	0.001	0.997	0.001
0.001	0.001	0.001	0.997
0.997	0.001	0.001	0.001
0.001	0.001	0.997	0.001
0.001	0.001	0.585	0.413
0.001	0.997	0.001	0.001
0.001	0.001	0.001	0.997
0.001	0.997	0.001	0.001
>ATAACACT	21-ATAACACT	8.479055	-79.263626	0	T:216.0(3.13%),B:505.5(1.19%),P:1e-34	Tpos:236.9,Tstd:182.6,Bpos:234.1,Bstd:155.4,StrandBias:0.3,Multiplicity:1.00
0.997	0.001	0.001	0.001
0.001	0.001	0.001	0.997
0.997	0.001	0.001	0.001
0.997	0.001	0.001	0.001
0.001	0.997	0.001	0.001
0.923	0.001	0.075	0.001
0.001	0.997	0.001	0.001
0.001	0.001	0.001	0.997
>CGAATGAG	22-CGAATGAG	8.236954	-60.916438	0	T:92.0(1.33%),B:144.0(0.34%),P:1e-26	Tpos:246.9,Tstd:179.5,Bpos:239.6,Bstd:144.6,StrandBias:0.2,Multiplicity:1.01
0.100	0.700	0.100	0.100
0.100	0.100	0.700	0.100
0.700	0.100	0.100	0.100
0.700	0.100	0.100	0.100
0.100	0.100	0.100	0.700
0.100	0.100	0.700	0.100
0.700	0.100	0.100	0.100
0.100	0.100	0.700	0.100
>AGTTTGAC	23-AGTTTGAC	10.592898	-53.196863	0	T:175.0(2.53%),B:455.6(1.07%),P:1e-23	Tpos:257.3,Tstd:218.7,Bpos:237.8,Bstd:149.8,StrandBias:-0.2,Multiplicity:1.02
0.997	0.001	0.001	0.001
0.001	0.001	0.997	0.001
0.001	0.001	0.001	0.997
0.001	0.001	0.001	0.997
0.001	0.377	0.001	0.621
0.001	0.001	0.997	0.001
0.997	0.001	0.001	0.001
0.001	0.997	0.001	0.001
>CAMCTAAC	24-CAMCTAAC	8.476136	-37.745057	0	T:241.0(3.49%),B:826.4(1.95%),P:1e-16	Tpos:238.4,Tstd:163.7,Bpos:248.3,Bstd:142.0,StrandBias:0.0,Multiplicity:1.00
0.001	0.896	0.001	0.102
0.864	0.001	0.134	0.001
0.412	0.485	0.102	0.001
0.001	0.997	0.001	0.001
0.001	0.001	0.001	0.997
0.636	0.001	0.001	0.362
0.571	0.001	0.039	0.389
0.001	0.636	0.362	0.001
>GATAAGTT	25-GATAAGTT	8.768002	-33.928028	0	T:291.0(4.21%),B:1092.6(2.58%),P:1e-14	Tpos:263.6,Tstd:196.7,Bpos:245.6,Bstd:149.0,StrandBias:-0.2,Multiplicity:1.00
0.008	0.001	0.990	0.001
0.710	0.288	0.001	0.001
0.399	0.001	0.001	0.599
0.997	0.001	0.001	0.001
0.997	0.001	0.001	0.001
0.001	0.001	0.687	0.311
0.287	0.001	0.001	0.711
0.001	0.278	0.001	0.720
