>ACTACAATTCCC	5-GGGAATTGTAGT	11.119164	-222.103304	0	T:668.0(3.38%),B:402.6(1.34%),P:1e-96
0.908	0.043	0.020	0.029
0.038	0.917	0.025	0.020
0.038	0.032	0.010	0.920
0.831	0.029	0.083	0.057
0.032	0.946	0.019	0.003
0.861	0.045	0.079	0.015
0.604	0.052	0.055	0.289
0.220	0.203	0.093	0.484
0.056	0.117	0.030	0.797
0.032	0.889	0.020	0.059
0.030	0.935	0.003	0.032
0.036	0.912	0.020	0.032
