>AASTCASCAGTC	12-GACTGSTGASTT	14.090058	-120.335758	0	T:60.0(0.30%),B:6.0(0.02%),P:1e-52
0.952	0.024	0.008	0.016
0.904	0.040	0.016	0.040
0.095	0.459	0.422	0.024
0.016	0.100	0.024	0.860
0.053	0.859	0.056	0.032
0.939	0.008	0.037	0.016
0.048	0.490	0.438	0.024
0.016	0.931	0.008	0.045
0.931	0.016	0.024	0.029
0.045	0.001	0.922	0.032
0.053	0.008	0.016	0.923
0.053	0.886	0.037	0.024
