>TCYRATTGSYYA	7-TCYRATTGSYYA	8.265342	-148.388681	0	T:467.0(2.36%),B:288.6(0.96%),P:1e-64
0.083	0.230	0.236	0.451
0.054	0.589	0.194	0.163
0.106	0.448	0.079	0.367
0.278	0.191	0.357	0.174
0.738	0.037	0.195	0.030
0.044	0.022	0.270	0.664
0.084	0.012	0.051	0.853
0.012	0.071	0.791	0.126
0.032	0.432	0.500	0.036
0.106	0.431	0.060	0.403
0.024	0.335	0.163	0.478
0.427	0.185	0.236	0.152
