>GATAGGTTAAAG	10-GATAGGTTAAAG	13.162431	-127.636004	0	T:40.0(0.20%),B:1.5(0.01%),P:1e-55
0.102	0.068	0.747	0.083
0.761	0.079	0.073	0.087
0.077	0.074	0.055	0.794
0.636	0.062	0.153	0.149
0.086	0.045	0.786	0.083
0.143	0.074	0.699	0.084
0.068	0.081	0.056	0.795
0.080	0.124	0.085	0.711
0.796	0.057	0.064	0.083
0.758	0.079	0.064	0.099
0.790	0.058	0.071	0.081
0.084	0.107	0.730	0.079
