>AAACTAGGACTG	8-AAACTAGGACTG,BestGuess:RORA(var.2)/MA0072.1/Jaspar(0.600)	14.459458	-135.923722	0	T:42.0(0.21%),B:1.6(0.01%),P:1e-59
0.817	0.049	0.061	0.073
0.927	0.001	0.036	0.036
0.853	0.012	0.036	0.099
0.049	0.846	0.056	0.049
0.061	0.024	0.036	0.879
0.774	0.061	0.036	0.129
0.012	0.061	0.866	0.061
0.049	0.073	0.854	0.024
0.805	0.061	0.061	0.073
0.097	0.757	0.049	0.097
0.036	0.049	0.049	0.866
0.097	0.085	0.782	0.036
