>GTCTGKGTCWGG	25-GTCTGKGTCWGG	10.668040	-5.747409	0	T:19.0(0.10%),B:14.5(0.05%),P:1e-2
0.200	0.152	0.625	0.023
0.137	0.186	0.023	0.654
0.080	0.834	0.014	0.072
0.324	0.132	0.053	0.491
0.078	0.079	0.695	0.148
0.084	0.135	0.403	0.377
0.193	0.023	0.673	0.111
0.122	0.146	0.213	0.519
0.096	0.713	0.073	0.118
0.362	0.023	0.106	0.509
0.053	0.084	0.795	0.068
0.044	0.090	0.542	0.324
