>CAGTCCTAGTTT	8-AAACTAGGACTG	14.459458	-135.923722	0	T:42.0(0.21%),B:1.6(0.01%),P:1e-59
0.036	0.782	0.085	0.097
0.866	0.049	0.049	0.036
0.097	0.049	0.757	0.097
0.073	0.061	0.061	0.805
0.024	0.854	0.073	0.049
0.061	0.866	0.061	0.012
0.129	0.036	0.061	0.774
0.879	0.036	0.024	0.061
0.049	0.056	0.846	0.049
0.099	0.036	0.012	0.853
0.036	0.036	0.001	0.927
0.073	0.061	0.049	0.817
