>GACTGSTGASTT	12-GACTGSTGASTT,BestGuess:MAFK/MA0496.1/Jaspar(0.667)	14.090058	-120.335758	0	T:60.0(0.30%),B:6.0(0.02%),P:1e-52
0.024	0.037	0.886	0.053
0.923	0.016	0.008	0.053
0.032	0.922	0.001	0.045
0.029	0.024	0.016	0.931
0.045	0.008	0.931	0.016
0.024	0.438	0.490	0.048
0.016	0.037	0.008	0.939
0.032	0.056	0.859	0.053
0.860	0.024	0.100	0.016
0.024	0.422	0.459	0.095
0.040	0.016	0.040	0.904
0.016	0.008	0.024	0.952
