>CGACTCTCGC	1-CGACTCTCGC	7.127808	-666.464009	0	T:397.0(13.86%),B:516.0(1.11%),P:1e-289	Tpos:452.3,Tstd:361.2,Bpos:265.9,Bstd:213.5,StrandBias:-0.2,Multiplicity:1.34
0.037	0.961	0.001	0.001
0.001	0.001	0.997	0.001
0.997	0.001	0.001	0.001
0.001	0.994	0.001	0.004
0.001	0.001	0.001	0.997
0.001	0.997	0.001	0.001
0.001	0.001	0.001	0.997
0.001	0.997	0.001	0.001
0.033	0.001	0.962	0.004
0.001	0.997	0.001	0.001
>GSMGCACCCT	2-GSMGCACCCT	12.552827	-613.633249	0	T:368.0(12.84%),B:482.8(1.04%),P:1e-266	Tpos:481.4,Tstd:299.6,Bpos:289.3,Bstd:237.6,StrandBias:-0.1,Multiplicity:2.59
0.001	0.001	0.997	0.001
0.001	0.454	0.544	0.001
0.454	0.508	0.001	0.037
0.001	0.001	0.997	0.001
0.001	0.997	0.001	0.001
0.997	0.001	0.001	0.001
0.001	0.997	0.001	0.001
0.001	0.997	0.001	0.001
0.001	0.997	0.001	0.001
0.001	0.001	0.001	0.997
>GTGGCCGGCT	3-GTGGCCGGCT	13.568446	-596.106854	0	T:384.0(13.40%),B:571.1(1.22%),P:1e-258	Tpos:476.3,Tstd:307.6,Bpos:288.1,Bstd:229.4,StrandBias:-0.1,Multiplicity:2.38
0.001	0.001	0.997	0.001
0.001	0.001	0.001	0.997
0.001	0.001	0.997	0.001
0.001	0.001	0.997	0.001
0.001	0.997	0.001	0.001
0.001	0.833	0.001	0.165
0.001	0.001	0.997	0.001
0.001	0.001	0.997	0.001
0.001	0.916	0.001	0.082
0.001	0.001	0.001	0.997
>KMCTAAKTTC	4-KMCTAAKTTC	10.076151	-595.948379	0	T:377.0(13.16%),B:543.7(1.17%),P:1e-258	Tpos:490.5,Tstd:298.7,Bpos:292.5,Bstd:233.4,StrandBias:-0.0,Multiplicity:2.60
0.053	0.123	0.466	0.358
0.476	0.347	0.109	0.067
0.020	0.837	0.012	0.131
0.002	0.051	0.004	0.943
0.722	0.031	0.113	0.134
0.827	0.003	0.053	0.117
0.145	0.007	0.468	0.380
0.080	0.046	0.055	0.819
0.088	0.108	0.054	0.750
0.009	0.929	0.061	0.001
>GCAGTCTCAA	5-GCAGTCTCAA	10.349262	-595.083120	0	T:423.0(14.76%),B:742.7(1.59%),P:1e-258	Tpos:443.8,Tstd:362.5,Bpos:273.0,Bstd:189.2,StrandBias:0.3,Multiplicity:1.24
0.001	0.008	0.990	0.001
0.001	0.858	0.113	0.028
0.990	0.001	0.008	0.001
0.001	0.001	0.997	0.001
0.206	0.001	0.028	0.765
0.001	0.997	0.001	0.001
0.001	0.001	0.013	0.985
0.233	0.765	0.001	0.001
0.807	0.114	0.065	0.014
0.934	0.064	0.001	0.001
>CCTATGTACC	6-CCTATGTACC	9.373827	-587.127243	0	T:403.0(14.07%),B:667.6(1.43%),P:1e-254	Tpos:436.5,Tstd:358.6,Bpos:278.2,Bstd:188.9,StrandBias:0.4,Multiplicity:1.34
0.001	0.890	0.001	0.108
0.001	0.990	0.008	0.001
0.001	0.001	0.001	0.997
0.890	0.001	0.001	0.108
0.121	0.001	0.001	0.877
0.001	0.001	0.997	0.001
0.001	0.001	0.001	0.997
0.877	0.001	0.001	0.121
0.001	0.990	0.008	0.001
0.001	0.997	0.001	0.001
>TYYGGTCCGA	7-TYYGGTCCGA	9.696645	-585.993344	0	T:439.0(15.32%),B:837.0(1.80%),P:1e-254	Tpos:479.0,Tstd:302.0,Bpos:285.7,Bstd:223.7,StrandBias:-0.0,Multiplicity:2.54
0.001	0.001	0.001	0.997
0.105	0.405	0.001	0.489
0.001	0.445	0.001	0.553
0.012	0.001	0.986	0.001
0.001	0.001	0.997	0.001
0.386	0.001	0.001	0.612
0.386	0.612	0.001	0.001
0.001	0.994	0.001	0.004
0.387	0.001	0.611	0.001
0.612	0.001	0.386	0.001
>AGMYGGCSAC	8-AGMYGGCSAC	12.055448	-585.164088	0	T:375.0(13.09%),B:552.9(1.19%),P:1e-254	Tpos:481.0,Tstd:307.1,Bpos:292.3,Bstd:233.3,StrandBias:-0.0,Multiplicity:3.05
0.997	0.001	0.001	0.001
0.001	0.001	0.997	0.001
0.556	0.442	0.001	0.001
0.001	0.442	0.001	0.556
0.001	0.001	0.997	0.001
0.001	0.001	0.997	0.001
0.001	0.997	0.001	0.001
0.014	0.443	0.542	0.001
0.997	0.001	0.001	0.001
0.001	0.997	0.001	0.001
>GTCCGSTTCT	9-GTCCGSTTCT	11.359528	-564.732723	0	T:380.0(13.26%),B:607.6(1.30%),P:1e-245	Tpos:486.6,Tstd:300.5,Bpos:293.5,Bstd:233.8,StrandBias:-0.0,Multiplicity:2.81
0.047	0.001	0.942	0.010
0.373	0.001	0.001	0.625
0.001	0.997	0.001	0.001
0.404	0.594	0.001	0.001
0.001	0.001	0.997	0.001
0.085	0.419	0.495	0.001
0.002	0.206	0.005	0.787
0.002	0.012	0.059	0.927
0.025	0.961	0.006	0.008
0.001	0.001	0.001	0.997
>CGCTGCTGCT	10-CGCTGCTGCT	9.616001	-549.824579	0	T:458.0(15.99%),B:1017.4(2.18%),P:1e-238	Tpos:473.0,Tstd:305.2,Bpos:294.1,Bstd:223.6,StrandBias:-0.0,Multiplicity:2.80
0.001	0.997	0.001	0.001
0.001	0.001	0.997	0.001
0.001	0.982	0.016	0.001
0.001	0.001	0.001	0.997
0.001	0.001	0.997	0.001
0.001	0.997	0.001	0.001
0.001	0.001	0.001	0.997
0.001	0.082	0.916	0.001
0.001	0.997	0.001	0.001
0.001	0.001	0.001	0.997
>TCTGTGCTTC	11-TCTGTGCTTC	10.296193	-541.316799	0	T:379.0(13.23%),B:645.3(1.38%),P:1e-235	Tpos:486.0,Tstd:297.8,Bpos:294.7,Bstd:232.9,StrandBias:0.1,Multiplicity:2.85
0.100	0.100	0.100	0.700
0.100	0.700	0.100	0.100
0.100	0.100	0.100	0.700
0.100	0.100	0.700	0.100
0.100	0.100	0.100	0.700
0.100	0.100	0.700	0.100
0.100	0.700	0.100	0.100
0.100	0.100	0.100	0.700
0.100	0.100	0.100	0.700
0.100	0.700	0.100	0.100
>CTAAGTTCGG	12-CTAAGTTCGG	11.247639	-518.108253	0	T:345.0(12.04%),B:539.4(1.16%),P:1e-225	Tpos:497.9,Tstd:296.0,Bpos:287.0,Bstd:233.7,StrandBias:-0.0,Multiplicity:2.40
0.001	0.997	0.001	0.001
0.001	0.001	0.001	0.997
0.997	0.001	0.001	0.001
0.997	0.001	0.001	0.001
0.001	0.001	0.997	0.001
0.001	0.001	0.001	0.997
0.001	0.001	0.001	0.997
0.001	0.997	0.001	0.001
0.001	0.326	0.562	0.111
0.101	0.001	0.675	0.223
>TCTGGAACGG	13-TCTGGAACGG	7.778741	-509.183440	0	T:426.0(14.87%),B:947.9(2.03%),P:1e-221	Tpos:495.2,Tstd:305.6,Bpos:285.4,Bstd:220.9,StrandBias:0.0,Multiplicity:3.04
0.135	0.136	0.165	0.564
0.063	0.677	0.137	0.123
0.118	0.092	0.061	0.729
0.043	0.092	0.774	0.091
0.104	0.133	0.656	0.107
0.482	0.157	0.213	0.148
0.449	0.199	0.182	0.170
0.230	0.495	0.122	0.153
0.249	0.066	0.528	0.157
0.041	0.224	0.645	0.090
>GTGGCTTAGG	14-GTGGCTTAGG	11.307210	-477.337507	0	T:414.0(14.45%),B:964.8(2.07%),P:1e-207	Tpos:486.7,Tstd:339.2,Bpos:280.1,Bstd:232.7,StrandBias:-0.1,Multiplicity:2.95
0.001	0.001	0.997	0.001
0.001	0.001	0.001	0.997
0.001	0.001	0.716	0.282
0.001	0.001	0.997	0.001
0.001	0.997	0.001	0.001
0.001	0.001	0.001	0.997
0.001	0.001	0.001	0.997
0.716	0.001	0.001	0.282
0.001	0.001	0.997	0.001
0.001	0.001	0.997	0.001
>GGACAGGTGM	15-GGACAGGTGM	11.633448	-435.341600	0	T:401.0(14.00%),B:1007.8(2.16%),P:1e-189	Tpos:494.1,Tstd:304.5,Bpos:293.2,Bstd:225.3,StrandBias:0.0,Multiplicity:4.87
0.001	0.001	0.997	0.001
0.370	0.049	0.580	0.001
0.997	0.001	0.001	0.001
0.001	0.997	0.001	0.001
0.997	0.001	0.001	0.001
0.001	0.001	0.997	0.001
0.001	0.001	0.997	0.001
0.001	0.001	0.001	0.997
0.001	0.001	0.997	0.001
0.420	0.390	0.001	0.190
>TGTAGCCTGC	16-TGTAGCCTGC	11.043652	-380.087753	0	T:333.0(11.62%),B:777.9(1.67%),P:1e-165	Tpos:428.7,Tstd:299.9,Bpos:291.4,Bstd:174.0,StrandBias:0.3,Multiplicity:2.09
0.001	0.001	0.229	0.769
0.001	0.001	0.997	0.001
0.001	0.243	0.024	0.732
0.997	0.001	0.001	0.001
0.001	0.092	0.666	0.241
0.001	0.997	0.001	0.001
0.001	0.997	0.001	0.001
0.001	0.001	0.001	0.997
0.001	0.162	0.832	0.005
0.001	0.997	0.001	0.001
>CKGCCTCAGC	17-CKGCCTCAGC	12.643821	-366.893312	0	T:401.0(14.00%),B:1231.1(2.64%),P:1e-159	Tpos:459.2,Tstd:289.7,Bpos:292.1,Bstd:216.8,StrandBias:-0.0,Multiplicity:3.11
0.001	0.997	0.001	0.001
0.101	0.001	0.459	0.440
0.025	0.001	0.973	0.001
0.001	0.997	0.001	0.001
0.001	0.997	0.001	0.001
0.001	0.001	0.001	0.997
0.291	0.707	0.001	0.001
0.997	0.001	0.001	0.001
0.001	0.001	0.997	0.001
0.001	0.994	0.004	0.001
>GTCCCCGGCC	18-GTCCCCGGCC	9.662719	-351.486787	0	T:447.0(15.60%),B:1615.1(3.46%),P:1e-152	Tpos:490.7,Tstd:319.7,Bpos:285.7,Bstd:219.2,StrandBias:-0.0,Multiplicity:4.26
0.045	0.001	0.840	0.114
0.001	0.001	0.001	0.997
0.001	0.997	0.001	0.001
0.002	0.996	0.001	0.001
0.048	0.770	0.181	0.001
0.113	0.527	0.359	0.001
0.001	0.002	0.994	0.003
0.283	0.001	0.715	0.001
0.233	0.763	0.001	0.003
0.001	0.995	0.003	0.001
>CGCCTCCCCA	19-CGCCTCCCCA	10.296193	-350.003403	0	T:260.0(9.08%),B:477.5(1.02%),P:1e-152	Tpos:511.9,Tstd:306.6,Bpos:284.6,Bstd:238.1,StrandBias:-0.0,Multiplicity:3.15
0.100	0.700	0.100	0.100
0.100	0.100	0.700	0.100
0.100	0.700	0.100	0.100
0.100	0.700	0.100	0.100
0.100	0.100	0.100	0.700
0.100	0.700	0.100	0.100
0.100	0.700	0.100	0.100
0.100	0.700	0.100	0.100
0.100	0.700	0.100	0.100
0.700	0.100	0.100	0.100
>AAGAYGTCTG	20-AAGAYGTCTG	6.194172	-326.844802	0	T:380.0(13.26%),B:1243.4(2.67%),P:1e-141	Tpos:415.9,Tstd:313.9,Bpos:268.2,Bstd:185.8,StrandBias:-0.3,Multiplicity:1.91
0.997	0.001	0.001	0.001
0.997	0.001	0.001	0.001
0.002	0.001	0.996	0.001
0.996	0.001	0.001	0.002
0.001	0.518	0.001	0.480
0.001	0.305	0.491	0.203
0.002	0.001	0.001	0.996
0.001	0.997	0.001	0.001
0.001	0.001	0.001	0.997
0.001	0.001	0.997	0.001
>ACCCWGKGTG	21-ACCCWGKGTG	11.818735	-324.237076	0	T:246.0(8.59%),B:465.4(1.00%),P:1e-140	Tpos:500.2,Tstd:310.2,Bpos:282.7,Bstd:223.9,StrandBias:0.0,Multiplicity:2.20
0.997	0.001	0.001	0.001
0.001	0.997	0.001	0.001
0.226	0.704	0.069	0.001
0.209	0.632	0.001	0.158
0.437	0.001	0.001	0.561
0.001	0.021	0.977	0.001
0.001	0.001	0.459	0.539
0.001	0.001	0.997	0.001
0.001	0.001	0.001	0.997
0.001	0.001	0.997	0.001
>ATCTGATTGG	22-ATCTGATTGG	10.134779	-266.890632	0	T:221.0(7.71%),B:472.1(1.01%),P:1e-115	Tpos:379.0,Tstd:275.4,Bpos:276.3,Bstd:161.7,StrandBias:0.4,Multiplicity:1.91
0.997	0.001	0.001	0.001
0.284	0.001	0.001	0.714
0.001	0.704	0.001	0.294
0.001	0.001	0.294	0.704
0.001	0.001	0.997	0.001
0.997	0.001	0.001	0.001
0.001	0.001	0.001	0.997
0.001	0.001	0.001	0.997
0.001	0.001	0.997	0.001
0.001	0.001	0.997	0.001
>GWACAGGWTA	23-GWACAGGWTA	11.143906	-228.127515	0	T:147.0(5.13%),B:214.0(0.46%),P:1e-99	Tpos:437.4,Tstd:250.2,Bpos:298.0,Bstd:207.6,StrandBias:-0.4,Multiplicity:1.88
0.001	0.001	0.997	0.001
0.509	0.001	0.001	0.489
0.997	0.001	0.001	0.001
0.129	0.563	0.001	0.307
0.923	0.075	0.001	0.001
0.001	0.023	0.975	0.001
0.001	0.001	0.997	0.001
0.481	0.001	0.036	0.482
0.310	0.129	0.001	0.560
0.997	0.001	0.001	0.001
>CCCGTGTGGA	24-CCCGTGTGGA	12.364295	-139.784051	0	T:110.0(3.84%),B:218.7(0.47%),P:1e-60	Tpos:488.4,Tstd:303.2,Bpos:294.7,Bstd:178.6,StrandBias:0.6,Multiplicity:2.67
0.391	0.606	0.001	0.002
0.001	0.992	0.001	0.006
0.001	0.986	0.001	0.012
0.001	0.001	0.997	0.001
0.001	0.001	0.001	0.997
0.001	0.001	0.997	0.001
0.001	0.001	0.307	0.691
0.001	0.003	0.995	0.001
0.001	0.001	0.997	0.001
0.860	0.001	0.138	0.001
>GCTCGAGTCG	25-GCTCGAGTCG	12.005237	-65.453771	0	T:57.0(1.99%),B:132.4(0.28%),P:1e-28	Tpos:453.1,Tstd:320.4,Bpos:288.8,Bstd:169.2,StrandBias:-1.1,Multiplicity:2.82
0.001	0.004	0.737	0.258
0.001	0.997	0.001	0.001
0.001	0.001	0.001	0.997
0.001	0.997	0.001	0.001
0.001	0.001	0.997	0.001
0.997	0.001	0.001	0.001
0.001	0.327	0.671	0.001
0.001	0.001	0.001	0.997
0.001	0.968	0.030	0.001
0.022	0.001	0.681	0.296
>MCATCTTGGTTC	1-MCATCTTGGTTC	10.608268	-768.708741	0	T:521.0(18.18%),B:861.1(1.85%),P:1e-333	Tpos:469.6,Tstd:306.1,Bpos:287.9,Bstd:223.6,StrandBias:0.1,Multiplicity:2.98
0.468	0.516	0.007	0.009
0.009	0.947	0.020	0.024
0.620	0.011	0.019	0.350
0.007	0.015	0.006	0.972
0.005	0.966	0.009	0.020
0.011	0.008	0.009	0.972
0.036	0.144	0.020	0.800
0.321	0.001	0.675	0.003
0.008	0.009	0.982	0.001
0.001	0.349	0.014	0.636
0.003	0.027	0.012	0.958
0.009	0.958	0.022	0.011
>CDGGCAGDTCCC	2-CDGGCAGDTCCC	9.841316	-762.762371	0	T:417.0(14.55%),B:463.6(0.99%),P:1e-331	Tpos:447.4,Tstd:340.4,Bpos:266.6,Bstd:223.7,StrandBias:-0.2,Multiplicity:1.39
0.127	0.513	0.015	0.345
0.337	0.011	0.328	0.324
0.178	0.115	0.680	0.027
0.226	0.001	0.764	0.009
0.018	0.675	0.276	0.031
0.688	0.020	0.044	0.248
0.239	0.011	0.706	0.044
0.343	0.012	0.277	0.369
0.007	0.358	0.032	0.603
0.016	0.549	0.196	0.239
0.013	0.805	0.005	0.177
0.203	0.701	0.081	0.015
>TGKCCGSCTGTC	3-TGKCCGSCTGTC	12.234748	-708.261887	0	T:418.0(14.59%),B:536.3(1.15%),P:1e-307	Tpos:469.8,Tstd:302.2,Bpos:289.7,Bstd:230.3,StrandBias:-0.1,Multiplicity:2.26
0.015	0.019	0.018	0.948
0.027	0.012	0.938	0.023
0.017	0.022	0.524	0.437
0.035	0.728	0.215	0.022
0.115	0.819	0.034	0.032
0.316	0.023	0.625	0.036
0.014	0.445	0.500	0.041
0.017	0.735	0.020	0.228
0.040	0.014	0.010	0.936
0.019	0.323	0.628	0.030
0.025	0.019	0.242	0.714
0.039	0.906	0.021	0.034
>SKGCGCACCKTC	4-SKGCGCACCKTC	11.046189	-672.239694	0	T:421.0(14.69%),B:601.0(1.29%),P:1e-291	Tpos:467.3,Tstd:318.5,Bpos:281.7,Bstd:242.7,StrandBias:-0.1,Multiplicity:2.79
0.001	0.494	0.387	0.118
0.001	0.001	0.504	0.494
0.001	0.001	0.997	0.001
0.015	0.983	0.001	0.001
0.066	0.001	0.932	0.001
0.001	0.991	0.001	0.007
0.997	0.001	0.001	0.001
0.001	0.995	0.003	0.001
0.391	0.607	0.001	0.001
0.001	0.118	0.387	0.495
0.008	0.008	0.001	0.983
0.001	0.994	0.001	0.004
>CTCYGGWCCRGA	5-CTCYGGWCCRGA	13.062969	-592.119852	0	T:376.0(13.12%),B:545.5(1.17%),P:1e-257	Tpos:489.0,Tstd:306.6,Bpos:285.3,Bstd:233.9,StrandBias:0.0,Multiplicity:2.88
0.146	0.504	0.137	0.213
0.001	0.001	0.001	0.997
0.001	0.987	0.008	0.004
0.002	0.526	0.006	0.466
0.008	0.001	0.984	0.007
0.002	0.002	0.995	0.001
0.527	0.002	0.001	0.470
0.007	0.991	0.001	0.001
0.008	0.977	0.008	0.007
0.481	0.003	0.514	0.002
0.001	0.002	0.995	0.002
0.997	0.001	0.001	0.001
>KGGTRCAGCCTC	6-KGGTRCAGCCTC	10.997049	-587.599927	0	T:322.0(11.24%),B:354.2(0.76%),P:1e-255	Tpos:442.9,Tstd:361.8,Bpos:262.5,Bstd:232.3,StrandBias:0.1,Multiplicity:1.22
0.113	0.013	0.383	0.491
0.137	0.015	0.698	0.150
0.041	0.035	0.668	0.256
0.024	0.263	0.067	0.646
0.358	0.001	0.470	0.171
0.040	0.831	0.001	0.128
0.575	0.115	0.019	0.291
0.029	0.314	0.622	0.035
0.359	0.606	0.020	0.015
0.028	0.884	0.039	0.049
0.001	0.215	0.001	0.783
0.052	0.910	0.025	0.013
>CTGWCAGCTTCT	7-CTGWCAGCTTCT	14.234287	-574.159009	0	T:354.0(12.36%),B:486.1(1.04%),P:1e-249	Tpos:471.3,Tstd:325.7,Bpos:291.2,Bstd:234.5,StrandBias:0.0,Multiplicity:2.39
0.011	0.987	0.001	0.001
0.029	0.005	0.292	0.674
0.006	0.002	0.983	0.009
0.527	0.006	0.011	0.456
0.010	0.984	0.004	0.002
0.658	0.309	0.003	0.030
0.002	0.008	0.989	0.001
0.009	0.588	0.401	0.002
0.004	0.145	0.004	0.847
0.002	0.011	0.002	0.985
0.010	0.980	0.007	0.003
0.006	0.002	0.005	0.987
>AGGCGGCCTMMB	8-AGGCGGCCTMMB	10.607783	-564.861427	0	T:338.0(11.80%),B:439.5(0.94%),P:1e-245	Tpos:469.2,Tstd:305.3,Bpos:275.5,Bstd:234.5,StrandBias:-0.1,Multiplicity:2.08
0.919	0.061	0.015	0.005
0.057	0.002	0.844	0.097
0.015	0.103	0.785	0.097
0.024	0.752	0.005	0.219
0.301	0.162	0.463	0.074
0.081	0.289	0.600	0.030
0.187	0.734	0.035	0.044
0.177	0.726	0.006	0.091
0.140	0.145	0.203	0.512
0.445	0.505	0.023	0.027
0.413	0.552	0.008	0.027
0.100	0.292	0.378	0.230
>TGTGCTTCCGCC	9-TGTGCTTCCGCC	10.610667	-555.344281	0	T:388.0(13.54%),B:659.0(1.41%),P:1e-241	Tpos:487.5,Tstd:297.0,Bpos:289.4,Bstd:233.3,StrandBias:0.1,Multiplicity:2.83
0.072	0.041	0.047	0.840
0.047	0.235	0.647	0.071
0.063	0.082	0.099	0.756
0.061	0.057	0.597	0.285
0.043	0.867	0.041	0.049
0.053	0.117	0.024	0.806
0.051	0.071	0.090	0.788
0.022	0.828	0.072	0.078
0.082	0.637	0.227	0.054
0.141	0.173	0.590	0.096
0.024	0.844	0.078	0.054
0.054	0.804	0.052	0.090
>TARCCTGWKCAK	10-TARCCTGWKCAK	8.857477	-542.772066	0	T:508.0(17.73%),B:1322.0(2.84%),P:1e-235	Tpos:459.2,Tstd:278.5,Bpos:292.8,Bstd:207.3,StrandBias:0.2,Multiplicity:2.75
0.001	0.001	0.001	0.997
0.575	0.001	0.001	0.423
0.370	0.152	0.419	0.059
0.001	0.960	0.001	0.038
0.001	0.997	0.001	0.001
0.001	0.001	0.001	0.997
0.001	0.001	0.997	0.001
0.413	0.204	0.001	0.383
0.212	0.001	0.415	0.372
0.001	0.997	0.001	0.001
0.997	0.001	0.001	0.001
0.001	0.001	0.532	0.466
>GTGGSCGSCTGT	11-GTGGSCGSCTGT	9.322973	-517.839232	0	T:462.0(16.13%),B:1124.4(2.41%),P:1e-224	Tpos:484.8,Tstd:298.9,Bpos:286.6,Bstd:219.6,StrandBias:0.0,Multiplicity:3.59
0.047	0.027	0.883	0.043
0.126	0.315	0.023	0.536
0.167	0.251	0.507	0.075
0.113	0.039	0.762	0.086
0.201	0.409	0.348	0.042
0.030	0.580	0.101	0.289
0.294	0.043	0.568	0.095
0.013	0.449	0.376	0.162
0.081	0.673	0.037	0.209
0.090	0.041	0.005	0.864
0.013	0.057	0.855	0.075
0.036	0.111	0.033	0.820
>AGGTCGTCTCCC	12-AGGTCGTCTCCC	11.053263	-515.520110	0	T:293.0(10.23%),B:345.0(0.74%),P:1e-223	Tpos:489.5,Tstd:308.4,Bpos:294.1,Bstd:228.4,StrandBias:-0.1,Multiplicity:1.60
0.859	0.048	0.043	0.050
0.060	0.041	0.838	0.061
0.038	0.061	0.873	0.028
0.041	0.108	0.129	0.722
0.295	0.448	0.157	0.100
0.281	0.109	0.541	0.069
0.075	0.134	0.072	0.719
0.019	0.876	0.050	0.055
0.069	0.049	0.013	0.869
0.029	0.824	0.085	0.062
0.088	0.794	0.021	0.097
0.039	0.639	0.025	0.297
>RAMYTWRGRAAT	13-RAMYTWRGRAAT	11.506030	-508.946218	0	T:393.0(13.72%),B:777.6(1.67%),P:1e-221	Tpos:486.4,Tstd:294.7,Bpos:286.3,Bstd:223.1,StrandBias:-0.0,Multiplicity:2.58
0.448	0.001	0.550	0.001
0.958	0.015	0.001	0.026
0.453	0.457	0.008	0.082
0.001	0.551	0.001	0.447
0.001	0.001	0.001	0.997
0.476	0.001	0.001	0.522
0.566	0.001	0.432	0.001
0.066	0.001	0.932	0.001
0.424	0.001	0.543	0.032
0.997	0.001	0.001	0.001
0.954	0.001	0.001	0.044
0.419	0.001	0.001	0.579
>CCTAAGTTCCTM	14-CCTAAGTTCCTM	9.350126	-488.221249	0	T:288.0(10.05%),B:362.4(0.78%),P:1e-212	Tpos:449.5,Tstd:375.2,Bpos:264.9,Bstd:226.1,StrandBias:-0.0,Multiplicity:1.78
0.260	0.545	0.071	0.124
0.047	0.752	0.115	0.086
0.162	0.067	0.044	0.727
0.540	0.212	0.149	0.099
0.768	0.102	0.081	0.049
0.300	0.070	0.494	0.136
0.048	0.214	0.115	0.623
0.038	0.110	0.248	0.604
0.053	0.766	0.088	0.093
0.068	0.644	0.167	0.121
0.113	0.094	0.186	0.607
0.344	0.382	0.111	0.162
>CAGMAGCKGTGG	15-CAGMAGCKGTGG	9.938515	-469.013046	0	T:389.0(13.58%),B:850.4(1.82%),P:1e-203	Tpos:481.5,Tstd:306.0,Bpos:291.0,Bstd:220.9,StrandBias:0.0,Multiplicity:2.75
0.010	0.836	0.151	0.003
0.593	0.002	0.011	0.394
0.001	0.174	0.824	0.001
0.471	0.482	0.043	0.004
0.470	0.017	0.265	0.248
0.010	0.136	0.795	0.059
0.198	0.746	0.048	0.008
0.207	0.059	0.307	0.427
0.003	0.201	0.763	0.033
0.221	0.148	0.120	0.511
0.006	0.358	0.520	0.116
0.254	0.007	0.536	0.203
>TTTGGGCCTTST	16-TTTGGGCCTTST	10.684248	-466.819251	0	T:325.0(11.34%),B:545.0(1.17%),P:1e-202	Tpos:412.8,Tstd:395.6,Bpos:250.5,Bstd:234.9,StrandBias:0.0,Multiplicity:1.63
0.060	0.031	0.090	0.819
0.010	0.030	0.017	0.943
0.056	0.049	0.023	0.872
0.206	0.017	0.638	0.139
0.321	0.118	0.526	0.035
0.353	0.017	0.597	0.033
0.013	0.931	0.022	0.034
0.028	0.929	0.001	0.042
0.086	0.048	0.046	0.820
0.171	0.250	0.001	0.578
0.035	0.469	0.422	0.074
0.309	0.025	0.017	0.649
>GGCGGAGTCCCG	17-GGCGGAGTCCCG	10.675958	-410.472764	0	T:308.0(10.75%),B:577.9(1.24%),P:1e-178	Tpos:447.4,Tstd:295.0,Bpos:285.5,Bstd:186.4,StrandBias:0.1,Multiplicity:2.27
0.031	0.056	0.584	0.329
0.028	0.036	0.935	0.001
0.050	0.609	0.088	0.253
0.223	0.001	0.619	0.157
0.044	0.028	0.927	0.001
0.610	0.018	0.371	0.001
0.168	0.056	0.704	0.072
0.028	0.010	0.059	0.903
0.028	0.895	0.028	0.049
0.001	0.997	0.001	0.001
0.135	0.749	0.001	0.115
0.140	0.078	0.697	0.085
>GGSHGYASCCTC	18-GGSHGYASCCTC	9.900249	-407.353762	0	T:454.0(15.85%),B:1434.2(3.08%),P:1e-176	Tpos:471.5,Tstd:294.1,Bpos:290.1,Bstd:214.2,StrandBias:-0.0,Multiplicity:2.59
0.001	0.001	0.815	0.183
0.001	0.001	0.920	0.078
0.079	0.460	0.332	0.129
0.235	0.285	0.106	0.374
0.165	0.001	0.833	0.001
0.001	0.556	0.001	0.442
0.873	0.001	0.011	0.115
0.001	0.424	0.574	0.001
0.001	0.691	0.001	0.307
0.001	0.954	0.037	0.008
0.081	0.036	0.001	0.882
0.005	0.718	0.001	0.276
>KCCWCTCASCAG	19-KCCWCTCASCAG	8.871712	-404.652919	0	T:275.0(9.60%),B:440.6(0.95%),P:1e-175	Tpos:432.9,Tstd:295.3,Bpos:285.3,Bstd:175.2,StrandBias:0.2,Multiplicity:2.03
0.108	0.041	0.411	0.439
0.007	0.561	0.379	0.053
0.129	0.606	0.037	0.228
0.363	0.139	0.047	0.451
0.138	0.512	0.108	0.242
0.255	0.161	0.126	0.459
0.189	0.465	0.233	0.113
0.707	0.007	0.129	0.157
0.153	0.378	0.359	0.110
0.207	0.662	0.065	0.066
0.761	0.051	0.086	0.102
0.137	0.144	0.635	0.084
>CCGGCCCACGCA	20-CCGGCCCACGCA	10.499100	-393.497828	0	T:299.0(10.44%),B:570.6(1.22%),P:1e-170	Tpos:503.9,Tstd:318.1,Bpos:283.7,Bstd:224.8,StrandBias:-0.1,Multiplicity:2.41
0.062	0.660	0.222	0.056
0.123	0.702	0.052	0.123
0.058	0.046	0.851	0.045
0.029	0.109	0.811	0.051
0.019	0.729	0.124	0.128
0.046	0.892	0.022	0.040
0.090	0.850	0.028	0.032
0.605	0.043	0.277	0.075
0.183	0.599	0.112	0.106
0.071	0.288	0.558	0.083
0.026	0.872	0.048	0.054
0.873	0.049	0.028	0.050
>CSYCCCAGAATC	21-CSYCCCAGAATC	12.472059	-260.321680	0	T:131.0(4.57%),B:119.4(0.26%),P:1e-113	Tpos:450.2,Tstd:281.6,Bpos:274.6,Bstd:225.7,StrandBias:0.1,Multiplicity:1.60
0.022	0.768	0.001	0.209
0.001	0.422	0.511	0.066
0.028	0.393	0.093	0.487
0.024	0.832	0.026	0.118
0.001	0.872	0.001	0.126
0.037	0.791	0.041	0.131
0.899	0.054	0.001	0.046
0.009	0.252	0.590	0.149
0.940	0.001	0.031	0.028
0.935	0.062	0.002	0.001
0.095	0.001	0.367	0.537
0.086	0.850	0.034	0.030
>GAGAATCGCASA	22-GAGAATCGCASA	9.527852	-242.480803	0	T:195.0(6.81%),B:399.6(0.86%),P:1e-105	Tpos:447.3,Tstd:292.1,Bpos:285.5,Bstd:203.5,StrandBias:0.1,Multiplicity:2.42
0.326	0.006	0.619	0.049
0.535	0.178	0.277	0.010
0.116	0.121	0.560	0.203
0.890	0.067	0.001	0.042
0.566	0.010	0.411	0.013
0.005	0.353	0.001	0.641
0.034	0.676	0.013	0.277
0.293	0.073	0.602	0.032
0.209	0.510	0.259	0.022
0.586	0.288	0.055	0.071
0.024	0.434	0.521	0.021
0.950	0.009	0.010	0.031
>CACAACACCTGC	23-CACAACACCTGC	12.057003	-205.827092	0	T:150.0(5.24%),B:265.7(0.57%),P:1e-89	Tpos:429.2,Tstd:283.3,Bpos:264.5,Bstd:164.3,StrandBias:-0.4,Multiplicity:2.45
0.001	0.997	0.001	0.001
0.798	0.200	0.001	0.001
0.001	0.874	0.001	0.124
0.997	0.001	0.001	0.001
0.582	0.001	0.257	0.160
0.124	0.874	0.001	0.001
0.831	0.001	0.167	0.001
0.001	0.589	0.001	0.409
0.001	0.997	0.001	0.001
0.090	0.365	0.001	0.544
0.127	0.001	0.871	0.001
0.001	0.749	0.090	0.160
>KAGCCCCGGGCT	24-KAGCCCCGGGCT	11.622274	-203.637530	0	T:176.0(6.14%),B:397.1(0.85%),P:1e-88	Tpos:459.1,Tstd:311.4,Bpos:279.5,Bstd:163.4,StrandBias:0.0,Multiplicity:2.26
0.003	0.271	0.423	0.303
0.997	0.001	0.001	0.001
0.001	0.288	0.705	0.006
0.001	0.997	0.001	0.001
0.264	0.734	0.001	0.001
0.001	0.997	0.001	0.001
0.006	0.704	0.289	0.001
0.001	0.001	0.997	0.001
0.001	0.001	0.709	0.289
0.001	0.001	0.993	0.005
0.001	0.728	0.270	0.001
0.001	0.001	0.001	0.997
>TTCCRCWCGATT	25-TTCCRCWCGATT	8.692835	-137.664109	0	T:232.0(8.10%),B:1051.5(2.26%),P:1e-59	Tpos:452.1,Tstd:305.5,Bpos:287.2,Bstd:166.6,StrandBias:-0.0,Multiplicity:3.29
0.008	0.001	0.001	0.990
0.001	0.235	0.015	0.749
0.001	0.922	0.017	0.060
0.150	0.609	0.001	0.240
0.351	0.064	0.431	0.155
0.001	0.725	0.031	0.243
0.379	0.062	0.154	0.405
0.114	0.456	0.181	0.249
0.189	0.216	0.579	0.016
0.808	0.001	0.174	0.017
0.001	0.212	0.001	0.786
0.001	0.245	0.033	0.721
>GATGGCGA	1-GATGGCGA	8.236954	-515.897550	0	T:436.0(15.22%),B:984.8(2.11%),P:1e-224	Tpos:479.1,Tstd:308.1,Bpos:289.2,Bstd:221.4,StrandBias:-0.0,Multiplicity:2.81
0.100	0.100	0.700	0.100
0.700	0.100	0.100	0.100
0.100	0.100	0.100	0.700
0.100	0.100	0.700	0.100
0.100	0.100	0.700	0.100
0.100	0.700	0.100	0.100
0.100	0.100	0.700	0.100
0.700	0.100	0.100	0.100
>CAGACTAA	2-CAGACTAA	8.236954	-435.155863	0	T:428.0(14.94%),B:1169.9(2.51%),P:1e-188	Tpos:470.5,Tstd:319.7,Bpos:287.9,Bstd:221.2,StrandBias:-0.0,Multiplicity:3.23
0.100	0.700	0.100	0.100
0.700	0.100	0.100	0.100
0.100	0.100	0.700	0.100
0.700	0.100	0.100	0.100
0.100	0.700	0.100	0.100
0.100	0.100	0.100	0.700
0.700	0.100	0.100	0.100
0.700	0.100	0.100	0.100
>GTTCCGGA	3-GTTCCGGA	9.019722	-420.407961	0	T:554.0(19.34%),B:2102.9(4.51%),P:1e-182	Tpos:482.1,Tstd:301.1,Bpos:287.9,Bstd:209.3,StrandBias:-0.1,Multiplicity:3.87
0.001	0.154	0.844	0.001
0.001	0.001	0.310	0.688
0.001	0.286	0.001	0.712
0.001	0.997	0.001	0.001
0.001	0.997	0.001	0.001
0.156	0.001	0.842	0.001
0.001	0.001	0.997	0.001
0.910	0.001	0.088	0.001
>CCKAASYY	4-CCKAASYY	8.436444	-388.239733	0	T:400.0(13.96%),B:1149.9(2.47%),P:1e-168	Tpos:473.3,Tstd:318.0,Bpos:291.1,Bstd:216.2,StrandBias:0.0,Multiplicity:2.98
0.001	0.997	0.001	0.001
0.001	0.943	0.001	0.055
0.001	0.001	0.445	0.553
0.997	0.001	0.001	0.001
0.904	0.001	0.001	0.094
0.001	0.445	0.553	0.001
0.056	0.402	0.001	0.541
0.095	0.402	0.001	0.502
>GTGGCCGG	5-GTGGCCGG	8.236954	-378.843272	0	T:447.0(15.60%),B:1499.0(3.22%),P:1e-164	Tpos:475.8,Tstd:309.4,Bpos:287.8,Bstd:207.5,StrandBias:-0.1,Multiplicity:2.41
0.100	0.100	0.700	0.100
0.100	0.100	0.100	0.700
0.100	0.100	0.700	0.100
0.100	0.100	0.700	0.100
0.100	0.700	0.100	0.100
0.100	0.700	0.100	0.100
0.100	0.100	0.700	0.100
0.100	0.100	0.700	0.100
>AAGCTGTC	6-AAGCTGTC	9.158779	-313.175578	0	T:555.0(19.37%),B:2707.7(5.81%),P:1e-136	Tpos:454.3,Tstd:303.8,Bpos:288.5,Bstd:193.1,StrandBias:-0.0,Multiplicity:2.35
0.997	0.001	0.001	0.001
0.997	0.001	0.001	0.001
0.001	0.001	0.997	0.001
0.148	0.850	0.001	0.001
0.001	0.001	0.001	0.997
0.001	0.001	0.997	0.001
0.001	0.001	0.001	0.997
0.001	0.997	0.001	0.001
>TGTGCTTC	7-TGTGCTTC	8.236954	-300.646475	0	T:453.0(15.81%),B:1913.2(4.10%),P:1e-130	Tpos:474.2,Tstd:295.9,Bpos:288.3,Bstd:205.0,StrandBias:0.1,Multiplicity:2.58
0.100	0.100	0.100	0.700
0.100	0.100	0.700	0.100
0.100	0.100	0.100	0.700
0.100	0.100	0.700	0.100
0.100	0.700	0.100	0.100
0.100	0.100	0.100	0.700
0.100	0.100	0.100	0.700
0.100	0.700	0.100	0.100
>GGTTCTCT	8-GGTTCTCT	8.236954	-293.481156	0	T:449.0(15.67%),B:1920.1(4.12%),P:1e-127	Tpos:474.4,Tstd:299.5,Bpos:287.3,Bstd:203.7,StrandBias:0.0,Multiplicity:2.56
0.100	0.100	0.700	0.100
0.100	0.100	0.700	0.100
0.100	0.100	0.100	0.700
0.100	0.100	0.100	0.700
0.100	0.700	0.100	0.100
0.100	0.100	0.100	0.700
0.100	0.700	0.100	0.100
0.100	0.100	0.100	0.700
>CTCTCACC	9-CTCTCACC	10.828598	-281.440470	0	T:518.0(18.08%),B:2588.0(5.55%),P:1e-122	Tpos:475.0,Tstd:331.0,Bpos:288.1,Bstd:200.5,StrandBias:-0.1,Multiplicity:2.77
0.001	0.997	0.001	0.001
0.001	0.001	0.001	0.997
0.001	0.997	0.001	0.001
0.001	0.001	0.001	0.997
0.148	0.850	0.001	0.001
0.922	0.001	0.076	0.001
0.001	0.997	0.001	0.001
0.001	0.997	0.001	0.001
>GGTGCTGC	10-GGTGCTGC	8.236954	-270.821332	0	T:482.0(16.82%),B:2337.2(5.01%),P:1e-117	Tpos:465.2,Tstd:294.5,Bpos:286.2,Bstd:197.5,StrandBias:-0.0,Multiplicity:2.35
0.100	0.100	0.700	0.100
0.100	0.100	0.700	0.100
0.100	0.100	0.100	0.700
0.100	0.100	0.700	0.100
0.100	0.700	0.100	0.100
0.100	0.100	0.100	0.700
0.100	0.100	0.700	0.100
0.100	0.700	0.100	0.100
>ACCTGTCC	11-ACCTGTCC	8.236954	-270.376170	0	T:430.0(15.01%),B:1895.2(4.06%),P:1e-117	Tpos:478.8,Tstd:302.8,Bpos:291.6,Bstd:203.1,StrandBias:0.0,Multiplicity:2.81
0.700	0.100	0.100	0.100
0.100	0.700	0.100	0.100
0.100	0.700	0.100	0.100
0.100	0.100	0.100	0.700
0.100	0.100	0.700	0.100
0.100	0.100	0.100	0.700
0.100	0.700	0.100	0.100
0.100	0.700	0.100	0.100
>GSMGCACM	12-GSMGCACM	8.419690	-264.201440	0	T:556.0(19.41%),B:3066.4(6.58%),P:1e-114	Tpos:453.5,Tstd:297.7,Bpos:287.8,Bstd:190.1,StrandBias:-0.1,Multiplicity:2.12
0.001	0.001	0.997	0.001
0.001	0.452	0.546	0.001
0.453	0.545	0.001	0.001
0.001	0.367	0.631	0.001
0.001	0.821	0.177	0.001
0.997	0.001	0.001	0.001
0.001	0.997	0.001	0.001
0.545	0.453	0.001	0.001
>CGGCCCAC	13-CGGCCCAC	8.236954	-246.670135	0	T:293.0(10.23%),B:970.3(2.08%),P:1e-107	Tpos:505.1,Tstd:310.4,Bpos:291.3,Bstd:215.3,StrandBias:-0.1,Multiplicity:2.93
0.100	0.700	0.100	0.100
0.100	0.100	0.700	0.100
0.100	0.100	0.700	0.100
0.100	0.700	0.100	0.100
0.100	0.700	0.100	0.100
0.100	0.700	0.100	0.100
0.700	0.100	0.100	0.100
0.100	0.700	0.100	0.100
>ACAATAGA	14-ACAATAGA	8.236954	-243.044405	0	T:214.0(7.47%),B:496.9(1.07%),P:1e-105	Tpos:302.6,Tstd:194.6,Bpos:297.8,Bstd:167.3,StrandBias:0.0,Multiplicity:1.03
0.700	0.100	0.100	0.100
0.100	0.700	0.100	0.100
0.700	0.100	0.100	0.100
0.700	0.100	0.100	0.100
0.100	0.100	0.100	0.700
0.700	0.100	0.100	0.100
0.100	0.100	0.700	0.100
0.700	0.100	0.100	0.100
>CGCCTCCC	15-CGCCTCCC	8.236954	-238.965856	0	T:437.0(15.25%),B:2152.0(4.62%),P:1e-103	Tpos:482.0,Tstd:304.7,Bpos:284.4,Bstd:198.9,StrandBias:0.1,Multiplicity:2.64
0.100	0.700	0.100	0.100
0.100	0.100	0.700	0.100
0.100	0.700	0.100	0.100
0.100	0.700	0.100	0.100
0.100	0.100	0.100	0.700
0.100	0.700	0.100	0.100
0.100	0.700	0.100	0.100
0.100	0.700	0.100	0.100
>AGCGCCTC	16-AGCGCCTC	9.838321	-233.666935	0	T:423.0(14.76%),B:2063.7(4.43%),P:1e-101	Tpos:464.4,Tstd:294.8,Bpos:294.8,Bstd:200.4,StrandBias:-0.0,Multiplicity:2.15
0.997	0.001	0.001	0.001
0.001	0.001	0.997	0.001
0.001	0.997	0.001	0.001
0.001	0.001	0.997	0.001
0.001	0.706	0.292	0.001
0.001	0.997	0.001	0.001
0.001	0.001	0.001	0.997
0.001	0.997	0.001	0.001
>CCTAAGCC	17-CCTAAGCC	10.864731	-188.132893	0	T:297.0(10.37%),B:1282.5(2.75%),P:1e-81	Tpos:497.8,Tstd:314.8,Bpos:283.4,Bstd:211.8,StrandBias:0.1,Multiplicity:3.08
0.049	0.949	0.001	0.001
0.001	0.997	0.001	0.001
0.001	0.001	0.001	0.997
0.947	0.051	0.001	0.001
0.949	0.001	0.049	0.001
0.001	0.001	0.997	0.001
0.001	0.997	0.001	0.001
0.001	0.947	0.051	0.001
>CAGMAGCD	18-CAGMAGCD	8.393261	-184.651026	0	T:444.0(15.50%),B:2634.7(5.65%),P:1e-80	Tpos:478.0,Tstd:306.8,Bpos:291.1,Bstd:200.6,StrandBias:0.0,Multiplicity:2.64
0.001	0.794	0.204	0.001
0.858	0.001	0.140	0.001
0.001	0.001	0.997	0.001
0.551	0.447	0.001	0.001
0.758	0.059	0.182	0.001
0.016	0.205	0.720	0.059
0.001	0.997	0.001	0.001
0.276	0.001	0.408	0.315
>GCCTGTTC	19-GCCTGTTC	9.074222	-175.577611	0	T:404.0(14.10%),B:2322.2(4.98%),P:1e-76	Tpos:495.2,Tstd:313.0,Bpos:289.4,Bstd:195.5,StrandBias:-0.2,Multiplicity:2.67
0.001	0.001	0.997	0.001
0.001	0.997	0.001	0.001
0.001	0.997	0.001	0.001
0.001	0.001	0.001	0.997
0.001	0.001	0.997	0.001
0.136	0.001	0.001	0.862
0.001	0.001	0.001	0.997
0.001	0.997	0.001	0.001
>GATTGGAT	20-GATTGGAT	9.642206	-159.188793	0	T:267.0(9.32%),B:1208.8(2.59%),P:1e-69	Tpos:369.5,Tstd:270.9,Bpos:279.5,Bstd:165.4,StrandBias:0.4,Multiplicity:1.75
0.001	0.001	0.997	0.001
0.997	0.001	0.001	0.001
0.001	0.001	0.001	0.997
0.001	0.001	0.001	0.997
0.001	0.001	0.997	0.001
0.001	0.001	0.997	0.001
0.758	0.001	0.001	0.240
0.001	0.001	0.001	0.997
>GCCCGTCC	21-GCCCGTCC	8.236954	-132.369907	0	T:183.0(6.39%),B:697.0(1.50%),P:1e-57	Tpos:469.6,Tstd:292.4,Bpos:290.6,Bstd:198.1,StrandBias:-0.3,Multiplicity:2.45
0.100	0.100	0.700	0.100
0.100	0.700	0.100	0.100
0.100	0.700	0.100	0.100
0.100	0.700	0.100	0.100
0.100	0.100	0.700	0.100
0.100	0.100	0.100	0.700
0.100	0.700	0.100	0.100
0.100	0.700	0.100	0.100
>CAGCCGGG	22-CAGCCGGG	8.236954	-124.406023	0	T:302.0(10.54%),B:1779.7(3.82%),P:1e-54	Tpos:494.9,Tstd:304.6,Bpos:297.9,Bstd:203.7,StrandBias:-0.0,Multiplicity:2.64
0.100	0.700	0.100	0.100
0.700	0.100	0.100	0.100
0.100	0.100	0.700	0.100
0.100	0.700	0.100	0.100
0.100	0.700	0.100	0.100
0.100	0.100	0.700	0.100
0.100	0.100	0.700	0.100
0.100	0.100	0.700	0.100
>GTCCGCCT	23-GTCCGCCT	8.236954	-112.345711	0	T:144.0(5.03%),B:510.7(1.10%),P:1e-48	Tpos:429.2,Tstd:270.6,Bpos:292.7,Bstd:200.5,StrandBias:-0.1,Multiplicity:2.03
0.100	0.100	0.700	0.100
0.100	0.100	0.100	0.700
0.100	0.700	0.100	0.100
0.100	0.700	0.100	0.100
0.100	0.100	0.700	0.100
0.100	0.700	0.100	0.100
0.100	0.700	0.100	0.100
0.100	0.100	0.100	0.700
>CCGTGTGG	24-CCGTGTGG	10.823422	-85.297172	0	T:165.0(5.76%),B:829.4(1.78%),P:1e-37	Tpos:454.9,Tstd:297.4,Bpos:281.5,Bstd:170.6,StrandBias:0.6,Multiplicity:2.62
0.001	0.997	0.001	0.001
0.001	0.997	0.001	0.001
0.001	0.001	0.997	0.001
0.001	0.001	0.001	0.997
0.001	0.001	0.997	0.001
0.001	0.001	0.216	0.782
0.001	0.001	0.997	0.001
0.001	0.001	0.997	0.001
>CTCGAGTC	25-CTCGAGTC	10.364373	-35.378595	0	T:76.0(2.65%),B:417.5(0.90%),P:1e-15	Tpos:477.9,Tstd:326.9,Bpos:282.5,Bstd:159.2,StrandBias:1.1,Multiplicity:4.42
0.001	0.997	0.001	0.001
0.001	0.001	0.001	0.997
0.001	0.997	0.001	0.001
0.001	0.001	0.997	0.001
0.997	0.001	0.001	0.001
0.001	0.181	0.817	0.001
0.201	0.195	0.001	0.603
0.001	0.997	0.001	0.001
