>CGACTCTCGC	1-CGACTCTCGC	7.127808	-666.464009	0	T:397.0(13.86%),B:516.0(1.11%),P:1e-289	Tpos:452.3,Tstd:361.2,Bpos:265.9,Bstd:213.5,StrandBias:-0.2,Multiplicity:1.34
0.037	0.961	0.001	0.001
0.001	0.001	0.997	0.001
0.997	0.001	0.001	0.001
0.001	0.994	0.001	0.004
0.001	0.001	0.001	0.997
0.001	0.997	0.001	0.001
0.001	0.001	0.001	0.997
0.001	0.997	0.001	0.001
0.033	0.001	0.962	0.004
0.001	0.997	0.001	0.001
>GSMGCACCCT	2-GSMGCACCCT	12.552827	-613.633249	0	T:368.0(12.84%),B:482.8(1.04%),P:1e-266	Tpos:481.4,Tstd:299.6,Bpos:289.3,Bstd:237.6,StrandBias:-0.1,Multiplicity:2.59
0.001	0.001	0.997	0.001
0.001	0.454	0.544	0.001
0.454	0.508	0.001	0.037
0.001	0.001	0.997	0.001
0.001	0.997	0.001	0.001
0.997	0.001	0.001	0.001
0.001	0.997	0.001	0.001
0.001	0.997	0.001	0.001
0.001	0.997	0.001	0.001
0.001	0.001	0.001	0.997
>GTGGCCGGCT	3-GTGGCCGGCT	13.568446	-596.106854	0	T:384.0(13.40%),B:571.1(1.22%),P:1e-258	Tpos:476.3,Tstd:307.6,Bpos:288.1,Bstd:229.4,StrandBias:-0.1,Multiplicity:2.38
0.001	0.001	0.997	0.001
0.001	0.001	0.001	0.997
0.001	0.001	0.997	0.001
0.001	0.001	0.997	0.001
0.001	0.997	0.001	0.001
0.001	0.833	0.001	0.165
0.001	0.001	0.997	0.001
0.001	0.001	0.997	0.001
0.001	0.916	0.001	0.082
0.001	0.001	0.001	0.997
>KMCTAAKTTC	4-KMCTAAKTTC	10.076151	-595.948379	0	T:377.0(13.16%),B:543.7(1.17%),P:1e-258	Tpos:490.5,Tstd:298.7,Bpos:292.5,Bstd:233.4,StrandBias:-0.0,Multiplicity:2.60
0.053	0.123	0.466	0.358
0.476	0.347	0.109	0.067
0.020	0.837	0.012	0.131
0.002	0.051	0.004	0.943
0.722	0.031	0.113	0.134
0.827	0.003	0.053	0.117
0.145	0.007	0.468	0.380
0.080	0.046	0.055	0.819
0.088	0.108	0.054	0.750
0.009	0.929	0.061	0.001
>GCAGTCTCAA	5-GCAGTCTCAA	10.349262	-595.083120	0	T:423.0(14.76%),B:742.7(1.59%),P:1e-258	Tpos:443.8,Tstd:362.5,Bpos:273.0,Bstd:189.2,StrandBias:0.3,Multiplicity:1.24
0.001	0.008	0.990	0.001
0.001	0.858	0.113	0.028
0.990	0.001	0.008	0.001
0.001	0.001	0.997	0.001
0.206	0.001	0.028	0.765
0.001	0.997	0.001	0.001
0.001	0.001	0.013	0.985
0.233	0.765	0.001	0.001
0.807	0.114	0.065	0.014
0.934	0.064	0.001	0.001
>CCTATGTACC	6-CCTATGTACC	9.373827	-587.127243	0	T:403.0(14.07%),B:667.6(1.43%),P:1e-254	Tpos:436.5,Tstd:358.6,Bpos:278.2,Bstd:188.9,StrandBias:0.4,Multiplicity:1.34
0.001	0.890	0.001	0.108
0.001	0.990	0.008	0.001
0.001	0.001	0.001	0.997
0.890	0.001	0.001	0.108
0.121	0.001	0.001	0.877
0.001	0.001	0.997	0.001
0.001	0.001	0.001	0.997
0.877	0.001	0.001	0.121
0.001	0.990	0.008	0.001
0.001	0.997	0.001	0.001
>TYYGGTCCGA	7-TYYGGTCCGA	9.696645	-585.993344	0	T:439.0(15.32%),B:837.0(1.80%),P:1e-254	Tpos:479.0,Tstd:302.0,Bpos:285.7,Bstd:223.7,StrandBias:-0.0,Multiplicity:2.54
0.001	0.001	0.001	0.997
0.105	0.405	0.001	0.489
0.001	0.445	0.001	0.553
0.012	0.001	0.986	0.001
0.001	0.001	0.997	0.001
0.386	0.001	0.001	0.612
0.386	0.612	0.001	0.001
0.001	0.994	0.001	0.004
0.387	0.001	0.611	0.001
0.612	0.001	0.386	0.001
>AGMYGGCSAC	8-AGMYGGCSAC	12.055448	-585.164088	0	T:375.0(13.09%),B:552.9(1.19%),P:1e-254	Tpos:481.0,Tstd:307.1,Bpos:292.3,Bstd:233.3,StrandBias:-0.0,Multiplicity:3.05
0.997	0.001	0.001	0.001
0.001	0.001	0.997	0.001
0.556	0.442	0.001	0.001
0.001	0.442	0.001	0.556
0.001	0.001	0.997	0.001
0.001	0.001	0.997	0.001
0.001	0.997	0.001	0.001
0.014	0.443	0.542	0.001
0.997	0.001	0.001	0.001
0.001	0.997	0.001	0.001
>GTCCGSTTCT	9-GTCCGSTTCT	11.359528	-564.732723	0	T:380.0(13.26%),B:607.6(1.30%),P:1e-245	Tpos:486.6,Tstd:300.5,Bpos:293.5,Bstd:233.8,StrandBias:-0.0,Multiplicity:2.81
0.047	0.001	0.942	0.010
0.373	0.001	0.001	0.625
0.001	0.997	0.001	0.001
0.404	0.594	0.001	0.001
0.001	0.001	0.997	0.001
0.085	0.419	0.495	0.001
0.002	0.206	0.005	0.787
0.002	0.012	0.059	0.927
0.025	0.961	0.006	0.008
0.001	0.001	0.001	0.997
>CGCTGCTGCT	10-CGCTGCTGCT	9.616001	-549.824579	0	T:458.0(15.99%),B:1017.4(2.18%),P:1e-238	Tpos:473.0,Tstd:305.2,Bpos:294.1,Bstd:223.6,StrandBias:-0.0,Multiplicity:2.80
0.001	0.997	0.001	0.001
0.001	0.001	0.997	0.001
0.001	0.982	0.016	0.001
0.001	0.001	0.001	0.997
0.001	0.001	0.997	0.001
0.001	0.997	0.001	0.001
0.001	0.001	0.001	0.997
0.001	0.082	0.916	0.001
0.001	0.997	0.001	0.001
0.001	0.001	0.001	0.997
>TCTGTGCTTC	11-TCTGTGCTTC	10.296193	-541.316799	0	T:379.0(13.23%),B:645.3(1.38%),P:1e-235	Tpos:486.0,Tstd:297.8,Bpos:294.7,Bstd:232.9,StrandBias:0.1,Multiplicity:2.85
0.100	0.100	0.100	0.700
0.100	0.700	0.100	0.100
0.100	0.100	0.100	0.700
0.100	0.100	0.700	0.100
0.100	0.100	0.100	0.700
0.100	0.100	0.700	0.100
0.100	0.700	0.100	0.100
0.100	0.100	0.100	0.700
0.100	0.100	0.100	0.700
0.100	0.700	0.100	0.100
>CTAAGTTCGG	12-CTAAGTTCGG	11.247639	-518.108253	0	T:345.0(12.04%),B:539.4(1.16%),P:1e-225	Tpos:497.9,Tstd:296.0,Bpos:287.0,Bstd:233.7,StrandBias:-0.0,Multiplicity:2.40
0.001	0.997	0.001	0.001
0.001	0.001	0.001	0.997
0.997	0.001	0.001	0.001
0.997	0.001	0.001	0.001
0.001	0.001	0.997	0.001
0.001	0.001	0.001	0.997
0.001	0.001	0.001	0.997
0.001	0.997	0.001	0.001
0.001	0.326	0.562	0.111
0.101	0.001	0.675	0.223
>TCTGGAACGG	13-TCTGGAACGG	7.778741	-509.183440	0	T:426.0(14.87%),B:947.9(2.03%),P:1e-221	Tpos:495.2,Tstd:305.6,Bpos:285.4,Bstd:220.9,StrandBias:0.0,Multiplicity:3.04
0.135	0.136	0.165	0.564
0.063	0.677	0.137	0.123
0.118	0.092	0.061	0.729
0.043	0.092	0.774	0.091
0.104	0.133	0.656	0.107
0.482	0.157	0.213	0.148
0.449	0.199	0.182	0.170
0.230	0.495	0.122	0.153
0.249	0.066	0.528	0.157
0.041	0.224	0.645	0.090
>GTGGCTTAGG	14-GTGGCTTAGG	11.307210	-477.337507	0	T:414.0(14.45%),B:964.8(2.07%),P:1e-207	Tpos:486.7,Tstd:339.2,Bpos:280.1,Bstd:232.7,StrandBias:-0.1,Multiplicity:2.95
0.001	0.001	0.997	0.001
0.001	0.001	0.001	0.997
0.001	0.001	0.716	0.282
0.001	0.001	0.997	0.001
0.001	0.997	0.001	0.001
0.001	0.001	0.001	0.997
0.001	0.001	0.001	0.997
0.716	0.001	0.001	0.282
0.001	0.001	0.997	0.001
0.001	0.001	0.997	0.001
>GGACAGGTGM	15-GGACAGGTGM	11.633448	-435.341600	0	T:401.0(14.00%),B:1007.8(2.16%),P:1e-189	Tpos:494.1,Tstd:304.5,Bpos:293.2,Bstd:225.3,StrandBias:0.0,Multiplicity:4.87
0.001	0.001	0.997	0.001
0.370	0.049	0.580	0.001
0.997	0.001	0.001	0.001
0.001	0.997	0.001	0.001
0.997	0.001	0.001	0.001
0.001	0.001	0.997	0.001
0.001	0.001	0.997	0.001
0.001	0.001	0.001	0.997
0.001	0.001	0.997	0.001
0.420	0.390	0.001	0.190
>TGTAGCCTGC	16-TGTAGCCTGC	11.043652	-380.087753	0	T:333.0(11.62%),B:777.9(1.67%),P:1e-165	Tpos:428.7,Tstd:299.9,Bpos:291.4,Bstd:174.0,StrandBias:0.3,Multiplicity:2.09
0.001	0.001	0.229	0.769
0.001	0.001	0.997	0.001
0.001	0.243	0.024	0.732
0.997	0.001	0.001	0.001
0.001	0.092	0.666	0.241
0.001	0.997	0.001	0.001
0.001	0.997	0.001	0.001
0.001	0.001	0.001	0.997
0.001	0.162	0.832	0.005
0.001	0.997	0.001	0.001
>CKGCCTCAGC	17-CKGCCTCAGC	12.643821	-366.893312	0	T:401.0(14.00%),B:1231.1(2.64%),P:1e-159	Tpos:459.2,Tstd:289.7,Bpos:292.1,Bstd:216.8,StrandBias:-0.0,Multiplicity:3.11
0.001	0.997	0.001	0.001
0.101	0.001	0.459	0.440
0.025	0.001	0.973	0.001
0.001	0.997	0.001	0.001
0.001	0.997	0.001	0.001
0.001	0.001	0.001	0.997
0.291	0.707	0.001	0.001
0.997	0.001	0.001	0.001
0.001	0.001	0.997	0.001
0.001	0.994	0.004	0.001
>GTCCCCGGCC	18-GTCCCCGGCC	9.662719	-351.486787	0	T:447.0(15.60%),B:1615.1(3.46%),P:1e-152	Tpos:490.7,Tstd:319.7,Bpos:285.7,Bstd:219.2,StrandBias:-0.0,Multiplicity:4.26
0.045	0.001	0.840	0.114
0.001	0.001	0.001	0.997
0.001	0.997	0.001	0.001
0.002	0.996	0.001	0.001
0.048	0.770	0.181	0.001
0.113	0.527	0.359	0.001
0.001	0.002	0.994	0.003
0.283	0.001	0.715	0.001
0.233	0.763	0.001	0.003
0.001	0.995	0.003	0.001
>CGCCTCCCCA	19-CGCCTCCCCA	10.296193	-350.003403	0	T:260.0(9.08%),B:477.5(1.02%),P:1e-152	Tpos:511.9,Tstd:306.6,Bpos:284.6,Bstd:238.1,StrandBias:-0.0,Multiplicity:3.15
0.100	0.700	0.100	0.100
0.100	0.100	0.700	0.100
0.100	0.700	0.100	0.100
0.100	0.700	0.100	0.100
0.100	0.100	0.100	0.700
0.100	0.700	0.100	0.100
0.100	0.700	0.100	0.100
0.100	0.700	0.100	0.100
0.100	0.700	0.100	0.100
0.700	0.100	0.100	0.100
>AAGAYGTCTG	20-AAGAYGTCTG	6.194172	-326.844802	0	T:380.0(13.26%),B:1243.4(2.67%),P:1e-141	Tpos:415.9,Tstd:313.9,Bpos:268.2,Bstd:185.8,StrandBias:-0.3,Multiplicity:1.91
0.997	0.001	0.001	0.001
0.997	0.001	0.001	0.001
0.002	0.001	0.996	0.001
0.996	0.001	0.001	0.002
0.001	0.518	0.001	0.480
0.001	0.305	0.491	0.203
0.002	0.001	0.001	0.996
0.001	0.997	0.001	0.001
0.001	0.001	0.001	0.997
0.001	0.001	0.997	0.001
>ACCCWGKGTG	21-ACCCWGKGTG	11.818735	-324.237076	0	T:246.0(8.59%),B:465.4(1.00%),P:1e-140	Tpos:500.2,Tstd:310.2,Bpos:282.7,Bstd:223.9,StrandBias:0.0,Multiplicity:2.20
0.997	0.001	0.001	0.001
0.001	0.997	0.001	0.001
0.226	0.704	0.069	0.001
0.209	0.632	0.001	0.158
0.437	0.001	0.001	0.561
0.001	0.021	0.977	0.001
0.001	0.001	0.459	0.539
0.001	0.001	0.997	0.001
0.001	0.001	0.001	0.997
0.001	0.001	0.997	0.001
>ATCTGATTGG	22-ATCTGATTGG	10.134779	-266.890632	0	T:221.0(7.71%),B:472.1(1.01%),P:1e-115	Tpos:379.0,Tstd:275.4,Bpos:276.3,Bstd:161.7,StrandBias:0.4,Multiplicity:1.91
0.997	0.001	0.001	0.001
0.284	0.001	0.001	0.714
0.001	0.704	0.001	0.294
0.001	0.001	0.294	0.704
0.001	0.001	0.997	0.001
0.997	0.001	0.001	0.001
0.001	0.001	0.001	0.997
0.001	0.001	0.001	0.997
0.001	0.001	0.997	0.001
0.001	0.001	0.997	0.001
>GWACAGGWTA	23-GWACAGGWTA	11.143906	-228.127515	0	T:147.0(5.13%),B:214.0(0.46%),P:1e-99	Tpos:437.4,Tstd:250.2,Bpos:298.0,Bstd:207.6,StrandBias:-0.4,Multiplicity:1.88
0.001	0.001	0.997	0.001
0.509	0.001	0.001	0.489
0.997	0.001	0.001	0.001
0.129	0.563	0.001	0.307
0.923	0.075	0.001	0.001
0.001	0.023	0.975	0.001
0.001	0.001	0.997	0.001
0.481	0.001	0.036	0.482
0.310	0.129	0.001	0.560
0.997	0.001	0.001	0.001
>CCCGTGTGGA	24-CCCGTGTGGA	12.364295	-139.784051	0	T:110.0(3.84%),B:218.7(0.47%),P:1e-60	Tpos:488.4,Tstd:303.2,Bpos:294.7,Bstd:178.6,StrandBias:0.6,Multiplicity:2.67
0.391	0.606	0.001	0.002
0.001	0.992	0.001	0.006
0.001	0.986	0.001	0.012
0.001	0.001	0.997	0.001
0.001	0.001	0.001	0.997
0.001	0.001	0.997	0.001
0.001	0.001	0.307	0.691
0.001	0.003	0.995	0.001
0.001	0.001	0.997	0.001
0.860	0.001	0.138	0.001
>GCTCGAGTCG	25-GCTCGAGTCG	12.005237	-65.453771	0	T:57.0(1.99%),B:132.4(0.28%),P:1e-28	Tpos:453.1,Tstd:320.4,Bpos:288.8,Bstd:169.2,StrandBias:-1.1,Multiplicity:2.82
0.001	0.004	0.737	0.258
0.001	0.997	0.001	0.001
0.001	0.001	0.001	0.997
0.001	0.997	0.001	0.001
0.001	0.001	0.997	0.001
0.997	0.001	0.001	0.001
0.001	0.327	0.671	0.001
0.001	0.001	0.001	0.997
0.001	0.968	0.030	0.001
0.022	0.001	0.681	0.296
