>MCATCTTGGTTC	1-MCATCTTGGTTC	10.608268	-768.708741	0	T:521.0(18.18%),B:861.1(1.85%),P:1e-333	Tpos:469.6,Tstd:306.1,Bpos:287.9,Bstd:223.6,StrandBias:0.1,Multiplicity:2.98
0.468	0.516	0.007	0.009
0.009	0.947	0.020	0.024
0.620	0.011	0.019	0.350
0.007	0.015	0.006	0.972
0.005	0.966	0.009	0.020
0.011	0.008	0.009	0.972
0.036	0.144	0.020	0.800
0.321	0.001	0.675	0.003
0.008	0.009	0.982	0.001
0.001	0.349	0.014	0.636
0.003	0.027	0.012	0.958
0.009	0.958	0.022	0.011
>CDGGCAGDTCCC	2-CDGGCAGDTCCC	9.841316	-762.762371	0	T:417.0(14.55%),B:463.6(0.99%),P:1e-331	Tpos:447.4,Tstd:340.4,Bpos:266.6,Bstd:223.7,StrandBias:-0.2,Multiplicity:1.39
0.127	0.513	0.015	0.345
0.337	0.011	0.328	0.324
0.178	0.115	0.680	0.027
0.226	0.001	0.764	0.009
0.018	0.675	0.276	0.031
0.688	0.020	0.044	0.248
0.239	0.011	0.706	0.044
0.343	0.012	0.277	0.369
0.007	0.358	0.032	0.603
0.016	0.549	0.196	0.239
0.013	0.805	0.005	0.177
0.203	0.701	0.081	0.015
>TGKCCGSCTGTC	3-TGKCCGSCTGTC	12.234748	-708.261887	0	T:418.0(14.59%),B:536.3(1.15%),P:1e-307	Tpos:469.8,Tstd:302.2,Bpos:289.7,Bstd:230.3,StrandBias:-0.1,Multiplicity:2.26
0.015	0.019	0.018	0.948
0.027	0.012	0.938	0.023
0.017	0.022	0.524	0.437
0.035	0.728	0.215	0.022
0.115	0.819	0.034	0.032
0.316	0.023	0.625	0.036
0.014	0.445	0.500	0.041
0.017	0.735	0.020	0.228
0.040	0.014	0.010	0.936
0.019	0.323	0.628	0.030
0.025	0.019	0.242	0.714
0.039	0.906	0.021	0.034
>SKGCGCACCKTC	4-SKGCGCACCKTC	11.046189	-672.239694	0	T:421.0(14.69%),B:601.0(1.29%),P:1e-291	Tpos:467.3,Tstd:318.5,Bpos:281.7,Bstd:242.7,StrandBias:-0.1,Multiplicity:2.79
0.001	0.494	0.387	0.118
0.001	0.001	0.504	0.494
0.001	0.001	0.997	0.001
0.015	0.983	0.001	0.001
0.066	0.001	0.932	0.001
0.001	0.991	0.001	0.007
0.997	0.001	0.001	0.001
0.001	0.995	0.003	0.001
0.391	0.607	0.001	0.001
0.001	0.118	0.387	0.495
0.008	0.008	0.001	0.983
0.001	0.994	0.001	0.004
>CTCYGGWCCRGA	5-CTCYGGWCCRGA	13.062969	-592.119852	0	T:376.0(13.12%),B:545.5(1.17%),P:1e-257	Tpos:489.0,Tstd:306.6,Bpos:285.3,Bstd:233.9,StrandBias:0.0,Multiplicity:2.88
0.146	0.504	0.137	0.213
0.001	0.001	0.001	0.997
0.001	0.987	0.008	0.004
0.002	0.526	0.006	0.466
0.008	0.001	0.984	0.007
0.002	0.002	0.995	0.001
0.527	0.002	0.001	0.470
0.007	0.991	0.001	0.001
0.008	0.977	0.008	0.007
0.481	0.003	0.514	0.002
0.001	0.002	0.995	0.002
0.997	0.001	0.001	0.001
>KGGTRCAGCCTC	6-KGGTRCAGCCTC	10.997049	-587.599927	0	T:322.0(11.24%),B:354.2(0.76%),P:1e-255	Tpos:442.9,Tstd:361.8,Bpos:262.5,Bstd:232.3,StrandBias:0.1,Multiplicity:1.22
0.113	0.013	0.383	0.491
0.137	0.015	0.698	0.150
0.041	0.035	0.668	0.256
0.024	0.263	0.067	0.646
0.358	0.001	0.470	0.171
0.040	0.831	0.001	0.128
0.575	0.115	0.019	0.291
0.029	0.314	0.622	0.035
0.359	0.606	0.020	0.015
0.028	0.884	0.039	0.049
0.001	0.215	0.001	0.783
0.052	0.910	0.025	0.013
>CTGWCAGCTTCT	7-CTGWCAGCTTCT	14.234287	-574.159009	0	T:354.0(12.36%),B:486.1(1.04%),P:1e-249	Tpos:471.3,Tstd:325.7,Bpos:291.2,Bstd:234.5,StrandBias:0.0,Multiplicity:2.39
0.011	0.987	0.001	0.001
0.029	0.005	0.292	0.674
0.006	0.002	0.983	0.009
0.527	0.006	0.011	0.456
0.010	0.984	0.004	0.002
0.658	0.309	0.003	0.030
0.002	0.008	0.989	0.001
0.009	0.588	0.401	0.002
0.004	0.145	0.004	0.847
0.002	0.011	0.002	0.985
0.010	0.980	0.007	0.003
0.006	0.002	0.005	0.987
>AGGCGGCCTMMB	8-AGGCGGCCTMMB	10.607783	-564.861427	0	T:338.0(11.80%),B:439.5(0.94%),P:1e-245	Tpos:469.2,Tstd:305.3,Bpos:275.5,Bstd:234.5,StrandBias:-0.1,Multiplicity:2.08
0.919	0.061	0.015	0.005
0.057	0.002	0.844	0.097
0.015	0.103	0.785	0.097
0.024	0.752	0.005	0.219
0.301	0.162	0.463	0.074
0.081	0.289	0.600	0.030
0.187	0.734	0.035	0.044
0.177	0.726	0.006	0.091
0.140	0.145	0.203	0.512
0.445	0.505	0.023	0.027
0.413	0.552	0.008	0.027
0.100	0.292	0.378	0.230
>TGTGCTTCCGCC	9-TGTGCTTCCGCC	10.610667	-555.344281	0	T:388.0(13.54%),B:659.0(1.41%),P:1e-241	Tpos:487.5,Tstd:297.0,Bpos:289.4,Bstd:233.3,StrandBias:0.1,Multiplicity:2.83
0.072	0.041	0.047	0.840
0.047	0.235	0.647	0.071
0.063	0.082	0.099	0.756
0.061	0.057	0.597	0.285
0.043	0.867	0.041	0.049
0.053	0.117	0.024	0.806
0.051	0.071	0.090	0.788
0.022	0.828	0.072	0.078
0.082	0.637	0.227	0.054
0.141	0.173	0.590	0.096
0.024	0.844	0.078	0.054
0.054	0.804	0.052	0.090
>TARCCTGWKCAK	10-TARCCTGWKCAK	8.857477	-542.772066	0	T:508.0(17.73%),B:1322.0(2.84%),P:1e-235	Tpos:459.2,Tstd:278.5,Bpos:292.8,Bstd:207.3,StrandBias:0.2,Multiplicity:2.75
0.001	0.001	0.001	0.997
0.575	0.001	0.001	0.423
0.370	0.152	0.419	0.059
0.001	0.960	0.001	0.038
0.001	0.997	0.001	0.001
0.001	0.001	0.001	0.997
0.001	0.001	0.997	0.001
0.413	0.204	0.001	0.383
0.212	0.001	0.415	0.372
0.001	0.997	0.001	0.001
0.997	0.001	0.001	0.001
0.001	0.001	0.532	0.466
>GTGGSCGSCTGT	11-GTGGSCGSCTGT	9.322973	-517.839232	0	T:462.0(16.13%),B:1124.4(2.41%),P:1e-224	Tpos:484.8,Tstd:298.9,Bpos:286.6,Bstd:219.6,StrandBias:0.0,Multiplicity:3.59
0.047	0.027	0.883	0.043
0.126	0.315	0.023	0.536
0.167	0.251	0.507	0.075
0.113	0.039	0.762	0.086
0.201	0.409	0.348	0.042
0.030	0.580	0.101	0.289
0.294	0.043	0.568	0.095
0.013	0.449	0.376	0.162
0.081	0.673	0.037	0.209
0.090	0.041	0.005	0.864
0.013	0.057	0.855	0.075
0.036	0.111	0.033	0.820
>AGGTCGTCTCCC	12-AGGTCGTCTCCC	11.053263	-515.520110	0	T:293.0(10.23%),B:345.0(0.74%),P:1e-223	Tpos:489.5,Tstd:308.4,Bpos:294.1,Bstd:228.4,StrandBias:-0.1,Multiplicity:1.60
0.859	0.048	0.043	0.050
0.060	0.041	0.838	0.061
0.038	0.061	0.873	0.028
0.041	0.108	0.129	0.722
0.295	0.448	0.157	0.100
0.281	0.109	0.541	0.069
0.075	0.134	0.072	0.719
0.019	0.876	0.050	0.055
0.069	0.049	0.013	0.869
0.029	0.824	0.085	0.062
0.088	0.794	0.021	0.097
0.039	0.639	0.025	0.297
>RAMYTWRGRAAT	13-RAMYTWRGRAAT	11.506030	-508.946218	0	T:393.0(13.72%),B:777.6(1.67%),P:1e-221	Tpos:486.4,Tstd:294.7,Bpos:286.3,Bstd:223.1,StrandBias:-0.0,Multiplicity:2.58
0.448	0.001	0.550	0.001
0.958	0.015	0.001	0.026
0.453	0.457	0.008	0.082
0.001	0.551	0.001	0.447
0.001	0.001	0.001	0.997
0.476	0.001	0.001	0.522
0.566	0.001	0.432	0.001
0.066	0.001	0.932	0.001
0.424	0.001	0.543	0.032
0.997	0.001	0.001	0.001
0.954	0.001	0.001	0.044
0.419	0.001	0.001	0.579
>CCTAAGTTCCTM	14-CCTAAGTTCCTM	9.350126	-488.221249	0	T:288.0(10.05%),B:362.4(0.78%),P:1e-212	Tpos:449.5,Tstd:375.2,Bpos:264.9,Bstd:226.1,StrandBias:-0.0,Multiplicity:1.78
0.260	0.545	0.071	0.124
0.047	0.752	0.115	0.086
0.162	0.067	0.044	0.727
0.540	0.212	0.149	0.099
0.768	0.102	0.081	0.049
0.300	0.070	0.494	0.136
0.048	0.214	0.115	0.623
0.038	0.110	0.248	0.604
0.053	0.766	0.088	0.093
0.068	0.644	0.167	0.121
0.113	0.094	0.186	0.607
0.344	0.382	0.111	0.162
>CAGMAGCKGTGG	15-CAGMAGCKGTGG	9.938515	-469.013046	0	T:389.0(13.58%),B:850.4(1.82%),P:1e-203	Tpos:481.5,Tstd:306.0,Bpos:291.0,Bstd:220.9,StrandBias:0.0,Multiplicity:2.75
0.010	0.836	0.151	0.003
0.593	0.002	0.011	0.394
0.001	0.174	0.824	0.001
0.471	0.482	0.043	0.004
0.470	0.017	0.265	0.248
0.010	0.136	0.795	0.059
0.198	0.746	0.048	0.008
0.207	0.059	0.307	0.427
0.003	0.201	0.763	0.033
0.221	0.148	0.120	0.511
0.006	0.358	0.520	0.116
0.254	0.007	0.536	0.203
>TTTGGGCCTTST	16-TTTGGGCCTTST	10.684248	-466.819251	0	T:325.0(11.34%),B:545.0(1.17%),P:1e-202	Tpos:412.8,Tstd:395.6,Bpos:250.5,Bstd:234.9,StrandBias:0.0,Multiplicity:1.63
0.060	0.031	0.090	0.819
0.010	0.030	0.017	0.943
0.056	0.049	0.023	0.872
0.206	0.017	0.638	0.139
0.321	0.118	0.526	0.035
0.353	0.017	0.597	0.033
0.013	0.931	0.022	0.034
0.028	0.929	0.001	0.042
0.086	0.048	0.046	0.820
0.171	0.250	0.001	0.578
0.035	0.469	0.422	0.074
0.309	0.025	0.017	0.649
>GGCGGAGTCCCG	17-GGCGGAGTCCCG	10.675958	-410.472764	0	T:308.0(10.75%),B:577.9(1.24%),P:1e-178	Tpos:447.4,Tstd:295.0,Bpos:285.5,Bstd:186.4,StrandBias:0.1,Multiplicity:2.27
0.031	0.056	0.584	0.329
0.028	0.036	0.935	0.001
0.050	0.609	0.088	0.253
0.223	0.001	0.619	0.157
0.044	0.028	0.927	0.001
0.610	0.018	0.371	0.001
0.168	0.056	0.704	0.072
0.028	0.010	0.059	0.903
0.028	0.895	0.028	0.049
0.001	0.997	0.001	0.001
0.135	0.749	0.001	0.115
0.140	0.078	0.697	0.085
>GGSHGYASCCTC	18-GGSHGYASCCTC	9.900249	-407.353762	0	T:454.0(15.85%),B:1434.2(3.08%),P:1e-176	Tpos:471.5,Tstd:294.1,Bpos:290.1,Bstd:214.2,StrandBias:-0.0,Multiplicity:2.59
0.001	0.001	0.815	0.183
0.001	0.001	0.920	0.078
0.079	0.460	0.332	0.129
0.235	0.285	0.106	0.374
0.165	0.001	0.833	0.001
0.001	0.556	0.001	0.442
0.873	0.001	0.011	0.115
0.001	0.424	0.574	0.001
0.001	0.691	0.001	0.307
0.001	0.954	0.037	0.008
0.081	0.036	0.001	0.882
0.005	0.718	0.001	0.276
>KCCWCTCASCAG	19-KCCWCTCASCAG	8.871712	-404.652919	0	T:275.0(9.60%),B:440.6(0.95%),P:1e-175	Tpos:432.9,Tstd:295.3,Bpos:285.3,Bstd:175.2,StrandBias:0.2,Multiplicity:2.03
0.108	0.041	0.411	0.439
0.007	0.561	0.379	0.053
0.129	0.606	0.037	0.228
0.363	0.139	0.047	0.451
0.138	0.512	0.108	0.242
0.255	0.161	0.126	0.459
0.189	0.465	0.233	0.113
0.707	0.007	0.129	0.157
0.153	0.378	0.359	0.110
0.207	0.662	0.065	0.066
0.761	0.051	0.086	0.102
0.137	0.144	0.635	0.084
>CCGGCCCACGCA	20-CCGGCCCACGCA	10.499100	-393.497828	0	T:299.0(10.44%),B:570.6(1.22%),P:1e-170	Tpos:503.9,Tstd:318.1,Bpos:283.7,Bstd:224.8,StrandBias:-0.1,Multiplicity:2.41
0.062	0.660	0.222	0.056
0.123	0.702	0.052	0.123
0.058	0.046	0.851	0.045
0.029	0.109	0.811	0.051
0.019	0.729	0.124	0.128
0.046	0.892	0.022	0.040
0.090	0.850	0.028	0.032
0.605	0.043	0.277	0.075
0.183	0.599	0.112	0.106
0.071	0.288	0.558	0.083
0.026	0.872	0.048	0.054
0.873	0.049	0.028	0.050
>CSYCCCAGAATC	21-CSYCCCAGAATC	12.472059	-260.321680	0	T:131.0(4.57%),B:119.4(0.26%),P:1e-113	Tpos:450.2,Tstd:281.6,Bpos:274.6,Bstd:225.7,StrandBias:0.1,Multiplicity:1.60
0.022	0.768	0.001	0.209
0.001	0.422	0.511	0.066
0.028	0.393	0.093	0.487
0.024	0.832	0.026	0.118
0.001	0.872	0.001	0.126
0.037	0.791	0.041	0.131
0.899	0.054	0.001	0.046
0.009	0.252	0.590	0.149
0.940	0.001	0.031	0.028
0.935	0.062	0.002	0.001
0.095	0.001	0.367	0.537
0.086	0.850	0.034	0.030
>GAGAATCGCASA	22-GAGAATCGCASA	9.527852	-242.480803	0	T:195.0(6.81%),B:399.6(0.86%),P:1e-105	Tpos:447.3,Tstd:292.1,Bpos:285.5,Bstd:203.5,StrandBias:0.1,Multiplicity:2.42
0.326	0.006	0.619	0.049
0.535	0.178	0.277	0.010
0.116	0.121	0.560	0.203
0.890	0.067	0.001	0.042
0.566	0.010	0.411	0.013
0.005	0.353	0.001	0.641
0.034	0.676	0.013	0.277
0.293	0.073	0.602	0.032
0.209	0.510	0.259	0.022
0.586	0.288	0.055	0.071
0.024	0.434	0.521	0.021
0.950	0.009	0.010	0.031
>CACAACACCTGC	23-CACAACACCTGC	12.057003	-205.827092	0	T:150.0(5.24%),B:265.7(0.57%),P:1e-89	Tpos:429.2,Tstd:283.3,Bpos:264.5,Bstd:164.3,StrandBias:-0.4,Multiplicity:2.45
0.001	0.997	0.001	0.001
0.798	0.200	0.001	0.001
0.001	0.874	0.001	0.124
0.997	0.001	0.001	0.001
0.582	0.001	0.257	0.160
0.124	0.874	0.001	0.001
0.831	0.001	0.167	0.001
0.001	0.589	0.001	0.409
0.001	0.997	0.001	0.001
0.090	0.365	0.001	0.544
0.127	0.001	0.871	0.001
0.001	0.749	0.090	0.160
>KAGCCCCGGGCT	24-KAGCCCCGGGCT	11.622274	-203.637530	0	T:176.0(6.14%),B:397.1(0.85%),P:1e-88	Tpos:459.1,Tstd:311.4,Bpos:279.5,Bstd:163.4,StrandBias:0.0,Multiplicity:2.26
0.003	0.271	0.423	0.303
0.997	0.001	0.001	0.001
0.001	0.288	0.705	0.006
0.001	0.997	0.001	0.001
0.264	0.734	0.001	0.001
0.001	0.997	0.001	0.001
0.006	0.704	0.289	0.001
0.001	0.001	0.997	0.001
0.001	0.001	0.709	0.289
0.001	0.001	0.993	0.005
0.001	0.728	0.270	0.001
0.001	0.001	0.001	0.997
>TTCCRCWCGATT	25-TTCCRCWCGATT	8.692835	-137.664109	0	T:232.0(8.10%),B:1051.5(2.26%),P:1e-59	Tpos:452.1,Tstd:305.5,Bpos:287.2,Bstd:166.6,StrandBias:-0.0,Multiplicity:3.29
0.008	0.001	0.001	0.990
0.001	0.235	0.015	0.749
0.001	0.922	0.017	0.060
0.150	0.609	0.001	0.240
0.351	0.064	0.431	0.155
0.001	0.725	0.031	0.243
0.379	0.062	0.154	0.405
0.114	0.456	0.181	0.249
0.189	0.216	0.579	0.016
0.808	0.001	0.174	0.017
0.001	0.212	0.001	0.786
0.001	0.245	0.033	0.721
